*************************************************
******************* ORCA 6.1.1 ******************
*************************************************
$Calculation_Status
   &GeometryIndex 1
   &version [&Type "String"] "6.1.1"
   &progName [&Type "String"] "LeanSCF"
   &Status [&Type "String"] "NORMAL TERMINATION"
$End
$Geometry
   &GeometryIndex 1
   &NAtoms [&Type "Integer"] 37
   &NCorelessECP [&Type "Integer"] 0
   &NGhostAtoms [&Type "Integer"] 0
   &CartesianCoordinates [&Type "Coordinates", &Dim(37,4), &Units "Bohr"] 
              Ni     0.000772897989    0.000018897261    0.087210861080
              S      3.954011940011    0.256494417883    1.107821710393
              C      4.760607525205   -2.364170225734    3.158924786973
              H      5.007349066511   -4.151412731961    2.133355296285
              H      6.575003506250   -1.865664251058    4.041470355215
              H      3.341438316439   -2.597147001881    4.655466942566
              S     -3.951685687140   -0.255644041123    1.113358607966
              C     -4.758576069611    2.364179674365    3.165584181869
              H     -5.006417431527    4.152142166248    2.141360176188
              H     -6.572645128035    1.864279081802    4.048012587091
              H     -3.339357727966    2.596933462828    4.662120668284
              P      0.138171105734    4.185964484593   -0.726954967006
              P     -0.137812057768   -4.186816751080   -0.727159057428
              C      2.822396687866    4.869136386802   -2.764412331173
              C     -2.542802257721    5.256893071674   -2.585835101243
              C      0.500594122054    6.292599053344    1.948509844769
              C     -2.821243954924   -4.864204201593   -2.767683447110
              C      2.542082272064   -5.261322589732   -2.585625341642
              C     -0.503485403039   -6.293409745856    1.947744505685
              H      2.778239457294    6.884257188066   -3.278019107385
              H      2.693878303224    3.705815309582   -4.480618142299
              H      4.595653330975    4.440370755099   -1.773965290410
              H     -2.284951016474    7.263891830014   -3.066417023539
              H     -4.322731523810    5.003545047804   -1.554749499970
              H     -2.610804052651    4.126262366844   -4.327272535709
              H      0.782985346877    8.232652373664    1.255620970779
              H      2.164182398707    5.677965628286    3.030398843427
              H     -1.172431446912    6.226589029760    3.171508473299
              H     -2.782304258209   -6.879559328897   -3.280774328088
              H     -2.686514040480   -3.701784523738   -4.484040436327
              H     -4.594778387775   -4.429914900400   -1.780133356511
              H      2.280249377853   -7.267401051445   -3.067902348280
              H      4.322402711462   -5.012768801063   -1.554080536919
              H      2.612748580842   -4.129533482782   -4.326199171265
              H     -0.785576161406   -8.233623692897    1.255193892673
              H     -2.167551780404   -5.678264205016    3.028579037160
              H      1.168958130278   -6.227382714737    3.171644533580
$End
$SCF_Mulliken_Population_Analysis
   &GeometryIndex 1
   &NAtoms [&Type "Integer"] 37
   &ATNO [&Type "ArrayOfIntegers", &Dim (37,1)] 
                                                         0

0                                                       28
1                                                       16
2                                                        6
3                                                        1
4                                                        1
5                                                        1
6                                                       16
7                                                        6
8                                                        1
9                                                        1
10                                                       1
11                                                      15
12                                                      15
13                                                       6
14                                                       6
15                                                       6
16                                                       6
17                                                       6
18                                                       6
19                                                       1
20                                                       1
21                                                       1
22                                                       1
23                                                       1
24                                                       1
25                                                       1
26                                                       1
27                                                       1
28                                                       1
29                                                       1
30                                                       1
31                                                       1
32                                                       1
33                                                       1
34                                                       1
35                                                       1
36                                                       1
   &AtomicCharges [&Type "ArrayOfDoubles", &Dim (37,1)] 
                                                         0

0                                      5.6945940584974153e-02
1                                     -2.2823096438145285e-01
2                                     -8.6070612894318721e-02
3                                      7.1899695563990340e-02
4                                      7.1792168035055726e-02
5                                      8.4961715756185163e-02
6                                     -2.2858804682495659e-01
7                                     -8.6154866552575982e-02
8                                      7.1976973278182310e-02
9                                      7.1779021375563579e-02
10                                     8.4947271682840331e-02
11                                     2.2944988167531477e-01
12                                     2.2916245861351747e-01
13                                    -1.3141732416503960e-01
14                                    -1.1322761650992152e-01
15                                    -1.0358566295001825e-01
16                                    -1.3137972089152772e-01
17                                    -1.1331584048085031e-01
18                                    -1.0350291202365991e-01
19                                     7.4375354566840413e-02
20                                     8.2353548711804780e-02
21                                     7.6976820053118233e-02
22                                     7.3825353796570070e-02
23                                     7.0450907256904838e-02
24                                     8.0026682716842990e-02
25                                     7.4598157715443092e-02
26                                     7.0823819642083841e-02
27                                     7.2905522121645250e-02
28                                     7.4327703779525467e-02
29                                     8.2367069163222451e-02
30                                     7.6924108864673935e-02
31                                     7.3820403033498350e-02
32                                     7.0460378505319055e-02
33                                     7.9991412172478737e-02
34                                     7.4608803383928946e-02
35                                     7.0802329850345291e-02
36                                     7.2920065774250697e-02
   &Method [&Type "String"] "SCF"
   &Level [&Type "String"] "Relaxed density"
   &Mult [&Type "Integer"] 2
   &State [&Type "Integer"] -1
   &Irrep [&Type "Integer"] 0
$End
$SCF_Loewdin_Population_Analysis
   &GeometryIndex 1
   &NAtoms [&Type "Integer"] 37
   &ATNO [&Type "ArrayOfIntegers", &Dim (37,1)] 
                                                         0

0                                                       28
1                                                       16
2                                                        6
3                                                        1
4                                                        1
5                                                        1
6                                                       16
7                                                        6
8                                                        1
9                                                        1
10                                                       1
11                                                      15
12                                                      15
13                                                       6
14                                                       6
15                                                       6
16                                                       6
17                                                       6
18                                                       6
19                                                       1
20                                                       1
21                                                       1
22                                                       1
23                                                       1
24                                                       1
25                                                       1
26                                                       1
27                                                       1
28                                                       1
29                                                       1
30                                                       1
31                                                       1
32                                                       1
33                                                       1
34                                                       1
35                                                       1
36                                                       1
   &AtomicCharges [&Type "ArrayOfDoubles", &Dim (37,1)] 
                                                         0

0                                     -2.9546532137827342e-01
1                                      1.0480373716976743e-01
2                                     -1.7123007106088917e-01
3                                      2.3239737751932776e-02
4                                      3.9236802047897479e-02
5                                      3.5716197597002175e-02
6                                      1.0445855022127049e-01
7                                     -1.7123331874533942e-01
8                                      2.3257796645759887e-02
9                                      3.9234532442022796e-02
10                                     3.5708527129623358e-02
11                                     7.8359245929107679e-01
12                                     7.8342263252525157e-01
13                                    -1.9167514494613691e-01
14                                    -1.8831501970743769e-01
15                                    -1.8872403030156093e-01
16                                    -1.9167210401037771e-01
17                                    -1.8830161412429280e-01
18                                    -1.8876580699348544e-01
19                                     4.5619782627919103e-02
20                                     4.7864909641125442e-02
21                                     3.4557532474505215e-02
22                                     4.6358995640973011e-02
23                                     4.1471241780848045e-02
24                                     5.0051994551242096e-02
25                                     4.7601815178408780e-02
26                                     4.2771068282371649e-02
27                                     4.5105418438996625e-02
28                                     4.5589855597452322e-02
29                                     4.7885284633599534e-02
30                                     3.4498215174576297e-02
31                                     4.6362338292466498e-02
32                                     4.1476990425480031e-02
33                                     5.0029808671946396e-02
34                                     4.7597418738333785e-02
35                                     4.2735538588384636e-02
36                                     4.5133249707352996e-02
   &Method [&Type "String"] "SCF"
   &Level [&Type "String"] "Relaxed density"
   &Mult [&Type "Integer"] 2
   &State [&Type "Integer"] -1
   &Irrep [&Type "Integer"] 0
$End
$SCF_Mayer_Population_Analysis
   &GeometryIndex 1
   &NAtoms [&Type "Integer"] 37 "Total number of atoms"
   &NBondOrdersPrint [&Type "Integer"] 37 "The number of bond orders larger than threshold"
   &bondThresh [&Type "Double"]       1.0000000000000001e-01  "The threshold for printing"
   &components [&Type "ArrayOfIntegers", &Dim (37,4)] "The indices and atomic numbers of the bonding atoms"
                                                         0                           1                           2                           3

0                                                        0                          28                           1                          16
1                                                        0                          28                           6                          16
2                                                        0                          28                          11                          15
3                                                        0                          28                          12                          15
4                                                        1                          16                           2                           6
5                                                        1                          16                           6                          16
6                                                        2                           6                           3                           1
7                                                        2                           6                           4                           1
8                                                        2                           6                           5                           1
9                                                        6                          16                           7                           6
10                                                       7                           6                           8                           1
11                                                       7                           6                           9                           1
12                                                       7                           6                          10                           1
13                                                      11                          15                          13                           6
14                                                      11                          15                          14                           6
15                                                      11                          15                          15                           6
16                                                      12                          15                          16                           6
17                                                      12                          15                          17                           6
18                                                      12                          15                          18                           6
19                                                      13                           6                          19                           1
20                                                      13                           6                          20                           1
21                                                      13                           6                          21                           1
22                                                      14                           6                          22                           1
23                                                      14                           6                          23                           1
24                                                      14                           6                          24                           1
25                                                      15                           6                          25                           1
26                                                      15                           6                          26                           1
27                                                      15                           6                          27                           1
28                                                      16                           6                          28                           1
29                                                      16                           6                          29                           1
30                                                      16                           6                          30                           1
31                                                      17                           6                          31                           1
32                                                      17                           6                          32                           1
33                                                      17                           6                          33                           1
34                                                      18                           6                          34                           1
35                                                      18                           6                          35                           1
36                                                      18                           6                          36                           1
   &BondOrders [&Type "ArrayOfDoubles", &Dim (37,1)] "The bond orders"
                                                         0

0                                      1.0456120308475352e+00
1                                      1.0451619932806078e+00
2                                      7.8627177060276421e-01
3                                      7.8592418509816975e-01
4                                      9.9651777158702426e-01
5                                      1.1172161342869684e-01
6                                      9.5431611848684228e-01
7                                      9.5818563669150403e-01
8                                      9.6395823267560865e-01
9                                      9.9655518700727286e-01
10                                     9.5431816558332383e-01
11                                     9.5820291007061775e-01
12                                     9.6398232136980933e-01
13                                     1.0465487462622003e+00
14                                     1.0427455322142651e+00
15                                     1.0440986936728307e+00
16                                     1.0465843633091472e+00
17                                     1.0427685985616670e+00
18                                     1.0441390241842128e+00
19                                     9.4247000321936303e-01
20                                     9.5539388903331746e-01
21                                     9.5142449919296590e-01
22                                     9.3981801681475363e-01
23                                     9.5550277602826161e-01
24                                     9.5057087454857270e-01
25                                     9.3977140243829971e-01
26                                     9.4472260378686956e-01
27                                     9.5633566149452076e-01
28                                     9.4249290253984985e-01
29                                     9.5537118927633480e-01
30                                     9.5140326150527010e-01
31                                     9.3981546813775541e-01
32                                     9.5555359032499088e-01
33                                     9.5056167036123707e-01
34                                     9.3976812251564057e-01
35                                     9.4473293318118068e-01
36                                     9.5632358260819528e-01
   &ATNO [&Type "ArrayOfIntegers", &Dim (37,1)] "Atomic number of the elements"
                                                         0

0                                                       28
1                                                       16
2                                                        6
3                                                        1
4                                                        1
5                                                        1
6                                                       16
7                                                        6
8                                                        1
9                                                        1
10                                                       1
11                                                      15
12                                                      15
13                                                       6
14                                                       6
15                                                       6
16                                                       6
17                                                       6
18                                                       6
19                                                       1
20                                                       1
21                                                       1
22                                                       1
23                                                       1
24                                                       1
25                                                       1
26                                                       1
27                                                       1
28                                                       1
29                                                       1
30                                                       1
31                                                       1
32                                                       1
33                                                       1
34                                                       1
35                                                       1
36                                                       1
   &NA [&Type "ArrayOfDoubles", &Dim (37,1)] "Mulliken gross atomic population"
                                                         0

0                                      2.7943054059415022e+01
1                                      1.6228230964381456e+01
2                                      6.0860706128943169e+00
3                                      9.2810030443601055e-01
4                                      9.2820783196494461e-01
5                                      9.1503828424381506e-01
6                                      1.6228588046824946e+01
7                                      6.0861548665525769e+00
8                                      9.2802302672181713e-01
9                                      9.2822097862443709e-01
10                                     9.1505272831716022e-01
11                                     1.4770550118324685e+01
12                                     1.4770837541386486e+01
13                                     6.1314173241650440e+00
14                                     6.1132276165099242e+00
15                                     6.1035856629500191e+00
16                                     6.1313797208915251e+00
17                                     6.1133158404808503e+00
18                                     6.1035029120236626e+00
19                                     9.2562464543315992e-01
20                                     9.1764645128819566e-01
21                                     9.2302317994688177e-01
22                                     9.2617464620343037e-01
23                                     9.2954909274309516e-01
24                                     9.1997331728315679e-01
25                                     9.2540184228455724e-01
26                                     9.2917618035791616e-01
27                                     9.2709447787835464e-01
28                                     9.2567229622047464e-01
29                                     9.1763293083677777e-01
30                                     9.2307589113532562e-01
31                                     9.2617959696650176e-01
32                                     9.2953962149468095e-01
33                                     9.2000858782752148e-01
34                                     9.2539119661607094e-01
35                                     9.2919767014965493e-01
36                                     9.2707993422574908e-01
   &ZA [&Type "ArrayOfDoubles", &Dim (37,1)] "Total nuclear charge"
                                                         0

0                                      2.8000000000000000e+01
1                                      1.6000000000000000e+01
2                                      6.0000000000000000e+00
3                                      1.0000000000000000e+00
4                                      1.0000000000000000e+00
5                                      1.0000000000000000e+00
6                                      1.6000000000000000e+01
7                                      6.0000000000000000e+00
8                                      1.0000000000000000e+00
9                                      1.0000000000000000e+00
10                                     1.0000000000000000e+00
11                                     1.5000000000000000e+01
12                                     1.5000000000000000e+01
13                                     6.0000000000000000e+00
14                                     6.0000000000000000e+00
15                                     6.0000000000000000e+00
16                                     6.0000000000000000e+00
17                                     6.0000000000000000e+00
18                                     6.0000000000000000e+00
19                                     1.0000000000000000e+00
20                                     1.0000000000000000e+00
21                                     1.0000000000000000e+00
22                                     1.0000000000000000e+00
23                                     1.0000000000000000e+00
24                                     1.0000000000000000e+00
25                                     1.0000000000000000e+00
26                                     1.0000000000000000e+00
27                                     1.0000000000000000e+00
28                                     1.0000000000000000e+00
29                                     1.0000000000000000e+00
30                                     1.0000000000000000e+00
31                                     1.0000000000000000e+00
32                                     1.0000000000000000e+00
33                                     1.0000000000000000e+00
34                                     1.0000000000000000e+00
35                                     1.0000000000000000e+00
36                                     1.0000000000000000e+00
   &QA [&Type "ArrayOfDoubles", &Dim (37,1)] "Mulliken gross atomic charge"
                                                         0

0                                      5.6945940584977706e-02
1                                     -2.2823096438145640e-01
2                                     -8.6070612894316945e-02
3                                      7.1899695563989452e-02
4                                      7.1792168035055393e-02
5                                      8.4961715756184941e-02
6                                     -2.2858804682494593e-01
7                                     -8.6154866552576870e-02
8                                      7.1976973278182865e-02
9                                      7.1779021375562913e-02
10                                     8.4947271682839776e-02
11                                     2.2944988167531477e-01
12                                     2.2916245861351392e-01
13                                    -1.3141732416504404e-01
14                                    -1.1322761650992419e-01
15                                    -1.0358566295001914e-01
16                                    -1.3137972089152505e-01
17                                    -1.1331584048085031e-01
18                                    -1.0350291202366257e-01
19                                     7.4375354566840080e-02
20                                     8.2353548711804336e-02
21                                     7.6976820053118233e-02
22                                     7.3825353796569626e-02
23                                     7.0450907256904838e-02
24                                     8.0026682716843212e-02
25                                     7.4598157715442759e-02
26                                     7.0823819642083841e-02
27                                     7.2905522121645361e-02
28                                     7.4327703779525356e-02
29                                     8.2367069163222228e-02
30                                     7.6924108864674379e-02
31                                     7.3820403033498239e-02
32                                     7.0460378505319055e-02
33                                     7.9991412172478515e-02
34                                     7.4608803383929057e-02
35                                     7.0802329850345069e-02
36                                     7.2920065774250920e-02
   &VA [&Type "ArrayOfDoubles", &Dim (37,1)] "Mayer's total valence"
                                                         0

0                                      4.2829222817775978e+00
1                                      2.3971054009354225e+00
2                                      3.9192803006750054e+00
3                                      9.9108476569532566e-01
4                                      9.8672160117663599e-01
5                                      9.8975061463275826e-01
6                                      2.3967334740643347e+00
7                                      3.9193847254120451e+00
8                                      9.9098548397956365e-01
9                                      9.8671716521294484e-01
10                                     9.8969280346078747e-01
11                                     4.2460558680245128e+00
12                                     4.2455640214428554e+00
13                                     3.9217674667633444e+00
14                                     3.9247399751702012e+00
15                                     3.9057015537574555e+00
16                                     3.9218281306811940e+00
17                                     3.9247995430404847e+00
18                                     3.9056877050716778e+00
19                                     9.9138326105970265e-01
20                                     9.9201909246340270e-01
21                                     1.0095141418467395e+00
22                                     9.9029399903143744e-01
23                                     1.0171519616918270e+00
24                                     9.9363544930621306e-01
25                                     9.9081290326561366e-01
26                                     1.0127300498204603e+00
27                                     1.0114845477498671e+00
28                                     9.9137335133760740e-01
29                                     9.9198446119580175e-01
30                                     1.0095758061727567e+00
31                                     9.9029724995824231e-01
32                                     1.0171215775701496e+00
33                                     9.9366419831385322e-01
34                                     9.9079540100164520e-01
35                                     1.0127885239714087e+00
36                                     1.0114042782214618e+00
   &BVA [&Type "ArrayOfDoubles", &Dim (37,1)] "Mayer's bonded valence"
                                                         0

0                                      3.9271276158172554e+00
1                                      2.3570703938124709e+00
2                                      3.9191974238966214e+00
3                                      9.9106344777944666e-01
4                                      9.8672063851908309e-01
5                                      9.8963827584178965e-01
6                                      2.3567980664656929e+00
7                                      3.9193019998837793e+00
8                                      9.9096431226783477e-01
9                                      9.8671620839378393e-01
10                                     9.8958056838444608e-01
11                                     4.2458658062954804e+00
12                                     4.2453745578640252e+00
13                                     3.9217640304282200e+00
14                                     3.9247325228836409e+00
15                                     3.9057008085272384e+00
16                                     3.9218246912137840e+00
17                                     3.9247920326002035e+00
18                                     3.9056869562854573e+00
19                                     9.9138155401275307e-01
20                                     9.9201901808356674e-01
21                                     1.0095141785407657e+00
22                                     9.9029394763494283e-01
23                                     1.0171518947578762e+00
24                                     9.9363542465981236e-01
25                                     9.9081180164919169e-01
26                                     1.0127299113265471e+00
27                                     1.0114845358089990e+00
28                                     9.9137164441596870e-01
29                                     9.9198438818928969e-01
30                                     1.0095758464041875e+00
31                                     9.9029719789045079e-01
32                                     1.0171215098595510e+00
33                                     9.9366417325253287e-01
34                                     9.9079429699089927e-01
35                                     1.0127883862873450e+00
36                                     1.0114042662320346e+00
   &FA [&Type "ArrayOfDoubles", &Dim (37,1)] "Mayer's free valence"
                                                         0

0                                      3.5579466596034237e-01
1                                      4.0035007122951605e-02
2                                      8.2876778383811356e-05
3                                      2.1317915879046079e-05
4                                      9.6265755293069299e-07
5                                      1.1233879096864303e-04
6                                      3.9935407598641781e-02
7                                      8.2725528265936710e-05
8                                      2.1171711728884546e-05
9                                      9.5681916086574892e-07
10                                     1.1223507634142496e-04
11                                     1.9006172903202057e-04
12                                     1.8946357882998477e-04
13                                     3.4363351245625395e-06
14                                     7.4522865602943966e-06
15                                     7.4523021686978552e-07
16                                     3.4394674099935685e-06
17                                     7.5104402813552795e-06
18                                     7.4878622036145259e-07
19                                     1.7070469495485130e-06
20                                     7.4379835963978014e-08
21                                    -3.6694026307043659e-08
22                                     5.1396494633176859e-08
23                                     6.6933950909620066e-08
24                                     2.4646400694633419e-08
25                                     1.1016164219307401e-06
26                                     1.3849391314151027e-07
27                                     1.1940867994039706e-08
28                                     1.7069216387451125e-06
29                                     7.3006512012890878e-08
30                                    -4.0231430865553253e-08
31                                     5.2067791493290438e-08
32                                     6.7710598614101336e-08
33                                     2.5061320317598668e-08
34                                     1.1040107459649173e-06
35                                     1.3768406370920361e-07
36                                     1.1989427204511793e-08
   &Method [&Type "String"] "SCF"
   &Level [&Type "String"] "Relaxed density"
   &Mult [&Type "Integer"] 2
   &State [&Type "Integer"] -1
   &Irrep [&Type "Integer"] 0
$End
$SCF_Energy
   &GeometryIndex 1
   &Method [&Type "String"] "SCF"
   &totalEnergy [&Type "ArrayOfDoubles", &Dim (1,1)] "Total energy of each state"
                                                         0

0                                     -3.3052863293846031e+03
   &Mult [&Type "ArrayOfIntegers", &Dim (1,1)] "Multiplicity of each state"
                                                         0

0                                                        2
$End
$DFT_Energy
   &GeometryIndex 1
   &nAlphaEl [&Type "Integer"] 81
   &nBetaEl [&Type "Integer"] 80
   &nTotalEl [&Type "Integer"] 161
   &finalEn [&Type "Double"]      -3.3052863293846031e+03  "No Van der Waals correction"
   &eExchange [&Type "Double"]      -1.6421807792886617e+02
   &eCorr [&Type "Double"]      -7.1725672111497003e+00
   &eXC [&Type "Double"]      -1.7139064514001586e+02
   &eCNL [&Type "Double"]       0.0000000000000000e+00
$End
$Solvation_Details
   &GeometryIndex 1
   &Solvent [&Type "String"] "ACETONITRILE"
   &Epsilon [&Type "Double"]       3.6762999999999998e+01
   &Refrac [&Type "Double"]       1.3442000000000001e+00
   &RSolv [&Type "Double"]       1.3000000000000000e+00
   &SurfaceType [&Type "String"] "GAUSSIAN VDW"
   &CPCMDielEnergy [&Type "Double"]      -7.3158011999999994e-02
   &NPoints [&Type "Integer"] 3177
   &SurfaceArea [&Type "Double"]       1.1427929022210001e+03
$End
$SCF_Timings
   &GeometryIndex 1
   &TOTAL [&Type "Double"]       4.4527318999999999e+01
   &PREP [&Type "Double"]       6.8404700000000007e-01
   &FOCK [&Type "Double"]       4.1150682000000003e+01
   &DENS [&Type "Double"]       2.2182599999998587e-01
   &ETOT [&Type "Double"]       1.2796199999999924e-01
   &POP [&Type "Double"]       9.2172999999995398e-02
   &TRAFO [&Type "Double"]       1.5943699999999961e-01
   &DIIS [&Type "Double"]       7.4192499999999972e-01
   &SOSCF [&Type "Double"]       6.2993599999999006e-01
   &XC [&Type "Double"]       5.0926169999999988e+00
   &FOCKSTART [&Type "Double"]       3.5445999999995426e-02
   &SOLV [&Type "Double"]       7.0872919999999979e+00
   &SOLV_INIT [&Type "Double"]       4.2308800000000002e-01
   &SOLV_FINAL [&Type "Double"]       9.9999999747524271e-07
   &INT_PREP [&Type "Double"]       3.9999999961182198e-06
   &INT_BF [&Type "Double"]       1.1760040000001233e+00
   &INT_DENS [&Type "Double"]       1.5968059999999040e+00
   &INT_DENSIO [&Type "Double"]       1.0979794418200021e+05
   &INT_FUNC [&Type "Double"]       1.9894599999996876e-01
   &INT_POT [&Type "Double"]       1.2786669999999067e+00
   &INT_POTIO [&Type "Double"]       4.7838000000068881e-02
   &INT_SUM [&Type "Double"]       5.5499999999675254e-04
   &SPLITRIJ [&Type "Double"]       3.4919909999999836e+00
   &COSX [&Type "Double"]       2.6400324999999988e+01
$End
$VdW_Correction
   &GeometryIndex 1
   &vdW [&Type "Double"]      -9.6763208720015453e-02
$End
$Single_Point_Data
   &GeometryIndex 1
   &FinalEnergy [&Type "Double"]      -3.3053830925933230e+03  "Final single point energy"
   &Converged [&Type "Boolean"] true
$End
$Calculation_Info
   &GeometryIndex 1
   &Mult [&Type "Integer"] 2
   &Charge [&Type "Integer"] 1
   &NumOfAtoms [&Type "Integer"] 37
   &NumOfElectrons [&Type "Integer"] 161
   &NumOfBasisFuncts [&Type "Integer"] 335
   &NumOfAuxCBasisFuncts [&Type "Integer"] 0
   &NumOfAuxJBasisFuncts [&Type "Integer"] 949
   &NumOfAuxJKBasisFuncts [&Type "Integer"] 0
   &NumOfCABSBasisFuncts [&Type "Integer"] 0
$End
$SCF_Dipole_Moment
   &GeometryIndex 1
   &dipoleMagnitude [&Type "Double", &Units "a.u."]       7.1101778233903201e-01
   &dipoleElecContrib [&Type "ArrayOfDoubles", &Dim (3,1)] "Electronic contribution"
                                                         0

0                                      7.3008652931893497e-03
1                                      1.2569563352245617e-04
2                                     -2.6925962900989137e-01
   &dipoleNucContrib [&Type "ArrayOfDoubles", &Dim (3,1)] "Nuclear contribution"
                                                         0

0                                     -6.5800920884915293e-03
1                                      5.3078249660920562e-04
2                                     -4.4175748493657840e-01
   &dipoleTotal [&Type "ArrayOfDoubles", &Dim (3,1)] "Total"
                                                         0

0                                      7.2077320469782040e-04
1                                      6.5647813013166179e-04
2                                     -7.1101711394646983e-01
   &doAtomicDipole [&Type "Boolean"] false
   &Method [&Type "String"] "SCF"
   &Level [&Type "String"] "Relaxed density"
   &Mult [&Type "Integer"] 2
   &State [&Type "Integer"] -1
   &Irrep [&Type "Integer"] 0
$End
$Calculation_Timings
   &GeometryIndex 1
   &GTOINT [&Type "Double"]       2.1574650000000002e+00
   &SCF [&Type "Double"]       4.6523862000000001e+01
   &PROP [&Type "Double"]       3.4735400000000283e-01
   &SUM [&Type "Double"]       4.9028681000000006e+01
$End
