*************************************************
******************* ORCA 6.1.1 ******************
*************************************************
$Calculation_Status
   &GeometryIndex 1
   &version [&Type "String"] "6.1.1"
   &progName [&Type "String"] "LeanSCF"
   &Status [&Type "String"] "NORMAL TERMINATION"
$End
$Geometry
   &GeometryIndex 1
   &NAtoms [&Type "Integer"] 37
   &NCorelessECP [&Type "Integer"] 0
   &NGhostAtoms [&Type "Integer"] 0
   &CartesianCoordinates [&Type "Coordinates", &Dim(37,4), &Units "Bohr"] 
              Ni    -0.000308025360   -0.000258892480   -0.000978878137
              S      3.024387624595   -0.033945150544    2.959696629852
              C      5.607442938695   -1.130882038405    0.975578675541
              H      5.208637025118   -2.986897347824    0.121571751374
              H      6.014707266447    0.209493149480   -0.561475428911
              H      7.320732902396   -1.314935694671    2.141590722776
              S     -3.030381835891    0.034351441662   -2.958566573624
              C     -5.604434494689    1.134478187238   -0.964068353660
              H     -5.203808774846    2.994516723596   -0.119695253323
              H     -7.325158641002    1.311143014320   -2.120284060616
              H     -6.000305663580   -0.200764504468    0.580378359428
              P      0.554237777818    4.146418185789   -0.216120419032
              P     -0.554666745650   -4.147518006399    0.212531829104
              C      3.803043608898    5.156244368055   -0.808831131210
              C     -1.158318972144    6.025301071153   -2.558568242857
              C     -0.252189621750    5.718107190823    2.752849096959
              C     -3.802125201997   -5.156516488618    0.813646153400
              C      0.242848705470   -5.717330513382   -2.759912893248
              C      1.163976812189   -6.028963360401    2.548378839543
              H      3.921958405328    7.232089628906   -0.771312508547
              H      4.413736954967    4.467187858665   -2.672210703372
              H      5.025658623023    4.346347431305    0.659021202218
              H     -0.664711167607    8.034697891958   -2.343298200585
              H     -3.205971408803    5.783565414376   -2.326678059237
              H     -0.642627828006    5.374475611179   -4.461320259019
              H      0.129775052521    7.759005746280    2.631689305883
              H      0.880674739370    4.875589801550    4.275717027324
              H     -2.268215601832    5.416066593660    3.159992482239
              H     -3.922317453293   -7.232220020010    0.772504925738
              H     -5.028600926613   -4.342983718787   -0.648977307816
              H     -4.407045434727   -4.470638498586    2.680056846280
              H     -0.139567613347   -7.758210171577   -2.639679067977
              H      2.257653922470   -5.415594162127   -3.173065607633
              H     -0.894928943598   -4.873291894571   -4.278304062401
              H      0.667020412942   -8.037685548975    2.334431605565
              H      0.656222517813   -5.378007509323    4.453175539382
              H      3.211111463887   -5.790275831878    2.308710543156
$End
$SCF_Mulliken_Population_Analysis
   &GeometryIndex 1
   &NAtoms [&Type "Integer"] 37
   &ATNO [&Type "ArrayOfIntegers", &Dim (37,1)] 
                                                         0

0                                                       28
1                                                       16
2                                                        6
3                                                        1
4                                                        1
5                                                        1
6                                                       16
7                                                        6
8                                                        1
9                                                        1
10                                                       1
11                                                      15
12                                                      15
13                                                       6
14                                                       6
15                                                       6
16                                                       6
17                                                       6
18                                                       6
19                                                       1
20                                                       1
21                                                       1
22                                                       1
23                                                       1
24                                                       1
25                                                       1
26                                                       1
27                                                       1
28                                                       1
29                                                       1
30                                                       1
31                                                       1
32                                                       1
33                                                       1
34                                                       1
35                                                       1
36                                                       1
   &AtomicCharges [&Type "ArrayOfDoubles", &Dim (37,1)] 
                                                         0

0                                     -2.6113554365046809e-02
1                                     -3.8925946781397514e-01
2                                     -8.1445762987571335e-02
3                                      4.7601381034267698e-02
4                                      3.9130670284190261e-02
5                                      3.9080686904194306e-02
6                                     -3.8957659111341059e-01
7                                     -8.1615685324113230e-02
8                                      4.7538243053855345e-02
9                                      3.9058180626738492e-02
10                                     3.9364464468620408e-02
11                                     2.5325937528972453e-01
12                                     2.5344575554835913e-01
13                                    -1.2675280478032835e-01
14                                    -1.1017616405476893e-01
15                                    -1.1715363925727207e-01
16                                    -1.2674622485968357e-01
17                                    -1.1726748860545655e-01
18                                    -1.1031383994406241e-01
19                                     4.6557651654333787e-02
20                                     6.4891128175022184e-02
21                                     5.1380016452996058e-02
22                                     4.3719381802511892e-02
23                                     4.5497526068558392e-02
24                                     4.8688055087845017e-02
25                                     4.8835815079331102e-02
26                                     4.7811722905149567e-02
27                                     6.1663768500506810e-02
28                                     4.6583753065529421e-02
29                                     5.1299863754690866e-02
30                                     6.4873478524458461e-02
31                                     4.8793451714699954e-02
32                                     6.1710855754911753e-02
33                                     4.7765770680672004e-02
34                                     4.3691289047585125e-02
35                                     4.8639062355871121e-02
36                                     4.5539875271132457e-02
   &Method [&Type "String"] "SCF"
   &Level [&Type "String"] "Relaxed density"
   &Mult [&Type "Integer"] 1
   &State [&Type "Integer"] -1
   &Irrep [&Type "Integer"] 0
$End
$SCF_Loewdin_Population_Analysis
   &GeometryIndex 1
   &NAtoms [&Type "Integer"] 37
   &ATNO [&Type "ArrayOfIntegers", &Dim (37,1)] 
                                                         0

0                                                       28
1                                                       16
2                                                        6
3                                                        1
4                                                        1
5                                                        1
6                                                       16
7                                                        6
8                                                        1
9                                                        1
10                                                       1
11                                                      15
12                                                      15
13                                                       6
14                                                       6
15                                                       6
16                                                       6
17                                                       6
18                                                       6
19                                                       1
20                                                       1
21                                                       1
22                                                       1
23                                                       1
24                                                       1
25                                                       1
26                                                       1
27                                                       1
28                                                       1
29                                                       1
30                                                       1
31                                                       1
32                                                       1
33                                                       1
34                                                       1
35                                                       1
36                                                       1
   &AtomicCharges [&Type "ArrayOfDoubles", &Dim (37,1)] 
                                                         0

0                                     -4.0592920060974436e-01
1                                     -9.0146541292313032e-02
2                                     -1.7979009931875645e-01
3                                      9.4181437414286862e-03
4                                      1.2945730757419005e-02
5                                      1.9845694173087569e-02
6                                     -9.0593040269745018e-02
7                                     -1.7980730908961018e-01
8                                      9.3587747854957382e-03
9                                      1.9832828852333839e-02
10                                     1.3002503142293342e-02
11                                     7.5594803245737552e-01
12                                     7.5592180804081366e-01
13                                    -1.9997354653670030e-01
14                                    -2.0558580217361477e-01
15                                    -2.0180361808536773e-01
16                                    -1.9998522291038334e-01
17                                    -2.0183707034190768e-01
18                                    -2.0558684813316752e-01
19                                     3.1811582021244345e-02
20                                     3.7006334505985672e-02
21                                     2.6246673972514012e-02
22                                     2.9193096063770185e-02
23                                     3.2547563499370380e-02
24                                     3.0797990080591031e-02
25                                     3.2049115876161993e-02
26                                     2.6026399969771408e-02
27                                     3.6767028184171435e-02
28                                     3.1814567456492138e-02
29                                     2.6226536918654508e-02
30                                     3.7011677552458155e-02
31                                     3.2030810654728570e-02
32                                     3.6780295264191354e-02
33                                     2.5966408881116787e-02
34                                     2.9202597049709733e-02
35                                     3.0698920988310618e-02
36                                     3.2587183871818359e-02
   &Method [&Type "String"] "SCF"
   &Level [&Type "String"] "Relaxed density"
   &Mult [&Type "Integer"] 1
   &State [&Type "Integer"] -1
   &Irrep [&Type "Integer"] 0
$End
$SCF_Mayer_Population_Analysis
   &GeometryIndex 1
   &NAtoms [&Type "Integer"] 37 "Total number of atoms"
   &NBondOrdersPrint [&Type "Integer"] 36 "The number of bond orders larger than threshold"
   &bondThresh [&Type "Double"]       1.0000000000000001e-01  "The threshold for printing"
   &components [&Type "ArrayOfIntegers", &Dim (36,4)] "The indices and atomic numbers of the bonding atoms"
                                                         0                           1                           2                           3

0                                                        0                          28                           1                          16
1                                                        0                          28                           6                          16
2                                                        0                          28                          11                          15
3                                                        0                          28                          12                          15
4                                                        1                          16                           2                           6
5                                                        2                           6                           3                           1
6                                                        2                           6                           4                           1
7                                                        2                           6                           5                           1
8                                                        6                          16                           7                           6
9                                                        7                           6                           8                           1
10                                                       7                           6                           9                           1
11                                                       7                           6                          10                           1
12                                                      11                          15                          13                           6
13                                                      11                          15                          14                           6
14                                                      11                          15                          15                           6
15                                                      12                          15                          16                           6
16                                                      12                          15                          17                           6
17                                                      12                          15                          18                           6
18                                                      13                           6                          19                           1
19                                                      13                           6                          20                           1
20                                                      13                           6                          21                           1
21                                                      14                           6                          22                           1
22                                                      14                           6                          23                           1
23                                                      14                           6                          24                           1
24                                                      15                           6                          25                           1
25                                                      15                           6                          26                           1
26                                                      15                           6                          27                           1
27                                                      16                           6                          28                           1
28                                                      16                           6                          29                           1
29                                                      16                           6                          30                           1
30                                                      17                           6                          31                           1
31                                                      17                           6                          32                           1
32                                                      17                           6                          33                           1
33                                                      18                           6                          34                           1
34                                                      18                           6                          35                           1
35                                                      18                           6                          36                           1
   &BondOrders [&Type "ArrayOfDoubles", &Dim (36,1)] "The bond orders"
                                                         0

0                                      7.4877613116203978e-01
1                                      7.4814740387675527e-01
2                                      8.0888235248147189e-01
3                                      8.0867345880015695e-01
4                                      1.0042428708781579e+00
5                                      9.6071062749872649e-01
6                                      9.6201211045454826e-01
7                                      9.6703623981066644e-01
8                                      1.0041041341787731e+00
9                                      9.6069632994077636e-01
10                                     9.6697607581404099e-01
11                                     9.6206771196825080e-01
12                                     1.0367217789820451e+00
13                                     1.0117894859246708e+00
14                                     1.0360147307226679e+00
15                                     1.0367940782325884e+00
16                                     1.0360073178959142e+00
17                                     1.0118065630630624e+00
18                                     9.4632458188035928e-01
19                                     9.5919923751041003e-01
20                                     9.4983217357630756e-01
21                                     9.4493508314510244e-01
22                                     9.6384476310016043e-01
23                                     9.5808252905695945e-01
24                                     9.4731128383502738e-01
25                                     9.5050893096022959e-01
26                                     9.6035304724960713e-01
27                                     9.4633409657510748e-01
28                                     9.4982055052544467e-01
29                                     9.5919423735043485e-01
30                                     9.4734156480420317e-01
31                                     9.6036659475233488e-01
32                                     9.5053469233024968e-01
33                                     9.4494950319856752e-01
34                                     9.5803532888348786e-01
35                                     9.6388826443613451e-01
   &ATNO [&Type "ArrayOfIntegers", &Dim (37,1)] "Atomic number of the elements"
                                                         0

0                                                       28
1                                                       16
2                                                        6
3                                                        1
4                                                        1
5                                                        1
6                                                       16
7                                                        6
8                                                        1
9                                                        1
10                                                       1
11                                                      15
12                                                      15
13                                                       6
14                                                       6
15                                                       6
16                                                       6
17                                                       6
18                                                       6
19                                                       1
20                                                       1
21                                                       1
22                                                       1
23                                                       1
24                                                       1
25                                                       1
26                                                       1
27                                                       1
28                                                       1
29                                                       1
30                                                       1
31                                                       1
32                                                       1
33                                                       1
34                                                       1
35                                                       1
36                                                       1
   &NA [&Type "ArrayOfDoubles", &Dim (37,1)] "Mulliken gross atomic population"
                                                         0

0                                      2.8026113554365047e+01
1                                      1.6389259467813975e+01
2                                      6.0814457629875731e+00
3                                      9.5239861896573230e-01
4                                      9.6086932971580929e-01
5                                      9.6091931309580625e-01
6                                      1.6389576591113414e+01
7                                      6.0816156853241115e+00
8                                      9.5246175694614377e-01
9                                      9.6094181937326140e-01
10                                     9.6063553553137959e-01
11                                     1.4746740624710270e+01
12                                     1.4746554244451637e+01
13                                     6.1267528047803266e+00
14                                     6.1101761640547698e+00
15                                     6.1171536392572685e+00
16                                     6.1267462248596845e+00
17                                     6.1172674886054557e+00
18                                     6.1103138399440606e+00
19                                     9.5344234834566588e-01
20                                     9.3510887182497782e-01
21                                     9.4861998354700416e-01
22                                     9.5628061819748811e-01
23                                     9.5450247393144150e-01
24                                     9.5131194491215465e-01
25                                     9.5116418492066890e-01
26                                     9.5218827709485021e-01
27                                     9.3833623149949263e-01
28                                     9.5341624693447058e-01
29                                     9.4870013624530891e-01
30                                     9.3512652147554176e-01
31                                     9.5120654828529949e-01
32                                     9.3828914424508847e-01
33                                     9.5223422931932800e-01
34                                     9.5630871095241488e-01
35                                     9.5136093764412921e-01
36                                     9.5446012472886743e-01
   &ZA [&Type "ArrayOfDoubles", &Dim (37,1)] "Total nuclear charge"
                                                         0

0                                      2.8000000000000000e+01
1                                      1.6000000000000000e+01
2                                      6.0000000000000000e+00
3                                      1.0000000000000000e+00
4                                      1.0000000000000000e+00
5                                      1.0000000000000000e+00
6                                      1.6000000000000000e+01
7                                      6.0000000000000000e+00
8                                      1.0000000000000000e+00
9                                      1.0000000000000000e+00
10                                     1.0000000000000000e+00
11                                     1.5000000000000000e+01
12                                     1.5000000000000000e+01
13                                     6.0000000000000000e+00
14                                     6.0000000000000000e+00
15                                     6.0000000000000000e+00
16                                     6.0000000000000000e+00
17                                     6.0000000000000000e+00
18                                     6.0000000000000000e+00
19                                     1.0000000000000000e+00
20                                     1.0000000000000000e+00
21                                     1.0000000000000000e+00
22                                     1.0000000000000000e+00
23                                     1.0000000000000000e+00
24                                     1.0000000000000000e+00
25                                     1.0000000000000000e+00
26                                     1.0000000000000000e+00
27                                     1.0000000000000000e+00
28                                     1.0000000000000000e+00
29                                     1.0000000000000000e+00
30                                     1.0000000000000000e+00
31                                     1.0000000000000000e+00
32                                     1.0000000000000000e+00
33                                     1.0000000000000000e+00
34                                     1.0000000000000000e+00
35                                     1.0000000000000000e+00
36                                     1.0000000000000000e+00
   &QA [&Type "ArrayOfDoubles", &Dim (37,1)] "Mulliken gross atomic charge"
                                                         0

0                                     -2.6113554365046809e-02
1                                     -3.8925946781397514e-01
2                                     -8.1445762987573112e-02
3                                      4.7601381034267698e-02
4                                      3.9130670284190705e-02
5                                      3.9080686904193751e-02
6                                     -3.8957659111341414e-01
7                                     -8.1615685324111453e-02
8                                      4.7538243053856233e-02
9                                      3.9058180626738603e-02
10                                     3.9364464468620408e-02
11                                     2.5325937528972986e-01
12                                     2.5344575554836268e-01
13                                    -1.2675280478032658e-01
14                                    -1.1017616405476982e-01
15                                    -1.1715363925726852e-01
16                                    -1.2674622485968445e-01
17                                    -1.1726748860545566e-01
18                                    -1.1031383994406063e-01
19                                     4.6557651654334120e-02
20                                     6.4891128175022184e-02
21                                     5.1380016452995836e-02
22                                     4.3719381802511892e-02
23                                     4.5497526068558503e-02
24                                     4.8688055087845350e-02
25                                     4.8835815079331102e-02
26                                     4.7811722905149789e-02
27                                     6.1663768500507365e-02
28                                     4.6583753065529421e-02
29                                     5.1299863754691089e-02
30                                     6.4873478524458239e-02
31                                     4.8793451714700509e-02
32                                     6.1710855754911531e-02
33                                     4.7765770680672004e-02
34                                     4.3691289047585125e-02
35                                     4.8639062355870788e-02
36                                     4.5539875271132568e-02
   &VA [&Type "ArrayOfDoubles", &Dim (37,1)] "Mayer's total valence"
                                                         0

0                                      3.3784564197031521e+00
1                                      2.0352197386295323e+00
2                                      3.9497506363106094e+00
3                                      9.8057542691126753e-01
4                                      9.8478774607512354e-01
5                                      9.8433749243131563e-01
6                                      2.0345760287957537e+00
7                                      3.9497368466422813e+00
8                                      9.8066922173905402e-01
9                                      9.8435671353843790e-01
10                                     9.8476673380254320e-01
11                                     4.1669050141521033e+00
12                                     4.1666686699112230e+00
13                                     3.9165810103260119e+00
14                                     3.9029243533044675e+00
15                                     3.9098326949204072e+00
16                                     3.9165717784708294e+00
17                                     3.9098650700960627e+00
18                                     3.9029528323912155e+00
19                                     9.9219283008222092e-01
20                                     9.8683208754554530e-01
21                                     1.0262486227122871e+00
22                                     9.9065848802398748e-01
23                                     1.0124978691246613e+00
24                                     1.0078017550258400e+00
25                                     9.9227655237420065e-01
26                                     1.0224055849595446e+00
27                                     9.9467615662023823e-01
28                                     9.9219383309386022e-01
29                                     1.0263050115706935e+00
30                                     9.8682559189124908e-01
31                                     9.9227269634067394e-01
32                                     9.9447810860231023e-01
33                                     1.0224923755155764e+00
34                                     9.9067968370184545e-01
35                                     1.0080401259219829e+00
36                                     1.0123308732157537e+00
   &BVA [&Type "ArrayOfDoubles", &Dim (37,1)] "Mayer's bonded valence"
                                                         0

0                                      3.3784564197030207e+00
1                                      2.0352197386295394e+00
2                                      3.9497506363106387e+00
3                                      9.8057542691127009e-01
4                                      9.8478774607512465e-01
5                                      9.8433749243132318e-01
6                                      2.0345760287957475e+00
7                                      3.9497368466422853e+00
8                                      9.8066922173905813e-01
9                                      9.8435671353843912e-01
10                                     9.8476673380254354e-01
11                                     4.1669050141520625e+00
12                                     4.1666686699111857e+00
13                                     3.9165810103259844e+00
14                                     3.9029243533044689e+00
15                                     3.9098326949203948e+00
16                                     3.9165717784708249e+00
17                                     3.9098650700960684e+00
18                                     3.9029528323912155e+00
19                                     9.9219283008221693e-01
20                                     9.8683208754554663e-01
21                                     1.0262486227122891e+00
22                                     9.9065848802398615e-01
23                                     1.0124978691246664e+00
24                                     1.0078017550258380e+00
25                                     9.9227655237420265e-01
26                                     1.0224055849595441e+00
27                                     9.9467615662023423e-01
28                                     9.9219383309385767e-01
29                                     1.0263050115706964e+00
30                                     9.8682559189124852e-01
31                                     9.9227269634067872e-01
32                                     9.9447810860231389e-01
33                                     1.0224923755155708e+00
34                                     9.9067968370183934e-01
35                                     1.0080401259219780e+00
36                                     1.0123308732157601e+00
   &FA [&Type "ArrayOfDoubles", &Dim (37,1)] "Mayer's free valence"
                                                         0

0                                      0.0000000000000000e+00
1                                      0.0000000000000000e+00
2                                      0.0000000000000000e+00
3                                      0.0000000000000000e+00
4                                      0.0000000000000000e+00
5                                      0.0000000000000000e+00
6                                      0.0000000000000000e+00
7                                      0.0000000000000000e+00
8                                      0.0000000000000000e+00
9                                      0.0000000000000000e+00
10                                     0.0000000000000000e+00
11                                     0.0000000000000000e+00
12                                     0.0000000000000000e+00
13                                     0.0000000000000000e+00
14                                     0.0000000000000000e+00
15                                     0.0000000000000000e+00
16                                     0.0000000000000000e+00
17                                     0.0000000000000000e+00
18                                     0.0000000000000000e+00
19                                     0.0000000000000000e+00
20                                     0.0000000000000000e+00
21                                     0.0000000000000000e+00
22                                     0.0000000000000000e+00
23                                     0.0000000000000000e+00
24                                     0.0000000000000000e+00
25                                     0.0000000000000000e+00
26                                     0.0000000000000000e+00
27                                     0.0000000000000000e+00
28                                     0.0000000000000000e+00
29                                     0.0000000000000000e+00
30                                     0.0000000000000000e+00
31                                     0.0000000000000000e+00
32                                     0.0000000000000000e+00
33                                     0.0000000000000000e+00
34                                     0.0000000000000000e+00
35                                     0.0000000000000000e+00
36                                     0.0000000000000000e+00
   &Method [&Type "String"] "SCF"
   &Level [&Type "String"] "Relaxed density"
   &Mult [&Type "Integer"] 1
   &State [&Type "Integer"] -1
   &Irrep [&Type "Integer"] 0
$End
$SCF_Energy
   &GeometryIndex 1
   &Method [&Type "String"] "SCF"
   &totalEnergy [&Type "ArrayOfDoubles", &Dim (1,1)] "Total energy of each state"
                                                         0

0                                     -3.3054452335526967e+03
   &Mult [&Type "ArrayOfIntegers", &Dim (1,1)] "Multiplicity of each state"
                                                         0

0                                                        1
$End
$DFT_Energy
   &GeometryIndex 1
   &nAlphaEl [&Type "Integer"] 81
   &nBetaEl [&Type "Integer"] 81
   &nTotalEl [&Type "Integer"] 161
   &finalEn [&Type "Double"]      -3.3054452335526967e+03  "No Van der Waals correction"
   &eExchange [&Type "Double"]      -1.6445286323531144e+02
   &eCorr [&Type "Double"]      -7.2088772528647711e+00
   &eXC [&Type "Double"]      -1.7166174048817621e+02
   &eCNL [&Type "Double"]       0.0000000000000000e+00
$End
$Solvation_Details
   &GeometryIndex 1
   &Solvent [&Type "String"] "ACETONITRILE"
   &Epsilon [&Type "Double"]       3.6762999999999998e+01
   &Refrac [&Type "Double"]       1.3442000000000001e+00
   &RSolv [&Type "Double"]       1.3000000000000000e+00
   &SurfaceType [&Type "String"] "GAUSSIAN VDW"
   &CPCMDielEnergy [&Type "Double"]      -1.5805698000000000e-02
   &NPoints [&Type "Integer"] 3070
   &SurfaceArea [&Type "Double"]       1.1306407922070000e+03
$End
$SCF_Timings
   &GeometryIndex 1
   &TOTAL [&Type "Double"]       2.9375806000000001e+01
   &PREP [&Type "Double"]       6.3471800000000000e-01
   &FOCK [&Type "Double"]       2.7160300999999997e+01
   &DENS [&Type "Double"]       7.9381999999998953e-02
   &ETOT [&Type "Double"]       4.1269000000001999e-02
   &POP [&Type "Double"]       3.3955999999999875e-02
   &TRAFO [&Type "Double"]       5.4299999999999571e-02
   &DIIS [&Type "Double"]       3.7911400000000040e-01
   &SOSCF [&Type "Double"]       1.3836999999999477e-01
   &XC [&Type "Double"]       2.5569579999999932e+00
   &FOCKSTART [&Type "Double"]       1.1169999999999458e-02
   &SOLV [&Type "Double"]       4.8116629999999994e+00
   &SOLV_INIT [&Type "Double"]       3.8522299999999998e-01
   &INT_PREP [&Type "Double"]       2.9999999977547986e-06
   &INT_BF [&Type "Double"]       7.4613899999995459e-01
   &INT_DENS [&Type "Double"]       5.3112900000007945e-01
   &INT_DENSIO [&Type "Double"]       5.2964879744000042e+04
   &INT_FUNC [&Type "Double"]       9.0458999999993406e-02
   &INT_POT [&Type "Double"]       4.7168900000006087e-01
   &INT_POTIO [&Type "Double"]       1.7125999999960673e-02
   &INT_SUM [&Type "Double"]       6.3500000000482615e-04
   &SPLITRIJ [&Type "Double"]       2.5838610000000002e+00
   &COSX [&Type "Double"]       1.8444579999999995e+01
$End
$VdW_Correction
   &GeometryIndex 1
   &vdW [&Type "Double"]      -9.8834518117028425e-02
$End
$Single_Point_Data
   &GeometryIndex 1
   &FinalEnergy [&Type "Double"]      -3.3055440680708139e+03  "Final single point energy"
   &Converged [&Type "Boolean"] true
$End
$Calculation_Info
   &GeometryIndex 1
   &Mult [&Type "Integer"] 1
   &Charge [&Type "Integer"] 0
   &NumOfAtoms [&Type "Integer"] 37
   &NumOfElectrons [&Type "Integer"] 162
   &NumOfBasisFuncts [&Type "Integer"] 335
   &NumOfAuxCBasisFuncts [&Type "Integer"] 0
   &NumOfAuxJBasisFuncts [&Type "Integer"] 949
   &NumOfAuxJKBasisFuncts [&Type "Integer"] 0
   &NumOfCABSBasisFuncts [&Type "Integer"] 0
$End
$SCF_Dipole_Moment
   &GeometryIndex 1
   &dipoleMagnitude [&Type "Double", &Units "a.u."]       3.2885174095135727e-03
   &dipoleElecContrib [&Type "ArrayOfDoubles", &Dim (3,1)] "Electronic contribution"
                                                         0

0                                     -6.5417813954480129e-03
1                                     -2.9537785376794099e-03
2                                     -9.0433450451953747e-03
   &dipoleNucContrib [&Type "ArrayOfDoubles", &Dim (3,1)] "Nuclear contribution"
                                                         0

0                                      9.8078078715486683e-03
1                                      3.0751663884958091e-03
2                                      8.6790885424976594e-03
   &dipoleTotal [&Type "ArrayOfDoubles", &Dim (3,1)] "Total"
                                                         0

0                                      3.2660264761006554e-03
1                                      1.2138785081639925e-04
2                                     -3.6425650269771535e-04
   &doAtomicDipole [&Type "Boolean"] false
   &Method [&Type "String"] "SCF"
   &Level [&Type "String"] "Relaxed density"
   &Mult [&Type "Integer"] 1
   &State [&Type "Integer"] -1
   &Irrep [&Type "Integer"] 0
$End
$Calculation_Timings
   &GeometryIndex 1
   &GTOINT [&Type "Double"]       2.2350030000000003e+00
   &SCF [&Type "Double"]       3.1204892999999998e+01
   &PROP [&Type "Double"]       3.2931200000000160e-01
   &SUM [&Type "Double"]       3.3769207999999999e+01
$End
