*************************************************
******************* ORCA 6.1.1 ******************
*************************************************
$Calculation_Status
   &GeometryIndex 1
   &version [&Type "String"] "6.1.1"
   &progName [&Type "String"] "LeanSCF"
   &Status [&Type "String"] "NORMAL TERMINATION"
$End
$Geometry
   &GeometryIndex 1
   &NAtoms [&Type "Integer"] 37
   &NCorelessECP [&Type "Integer"] 0
   &NGhostAtoms [&Type "Integer"] 0
   &CartesianCoordinates [&Type "Coordinates", &Dim(37,4), &Units "Bohr"] 
              Ni     0.000772897989    0.000018897261    0.087210861080
              S      3.954011940011    0.256494417883    1.107821710393
              C      4.760607525205   -2.364170225734    3.158924786973
              H      5.007349066511   -4.151412731961    2.133355296285
              H      6.575003506250   -1.865664251058    4.041470355215
              H      3.341438316439   -2.597147001881    4.655466942566
              S     -3.951685687140   -0.255644041123    1.113358607966
              C     -4.758576069611    2.364179674365    3.165584181869
              H     -5.006417431527    4.152142166248    2.141360176188
              H     -6.572645128035    1.864279081802    4.048012587091
              H     -3.339357727966    2.596933462828    4.662120668284
              P      0.138171105734    4.185964484593   -0.726954967006
              P     -0.137812057768   -4.186816751080   -0.727159057428
              C      2.822396687866    4.869136386802   -2.764412331173
              C     -2.542802257721    5.256893071674   -2.585835101243
              C      0.500594122054    6.292599053344    1.948509844769
              C     -2.821243954924   -4.864204201593   -2.767683447110
              C      2.542082272064   -5.261322589732   -2.585625341642
              C     -0.503485403039   -6.293409745856    1.947744505685
              H      2.778239457294    6.884257188066   -3.278019107385
              H      2.693878303224    3.705815309582   -4.480618142299
              H      4.595653330975    4.440370755099   -1.773965290410
              H     -2.284951016474    7.263891830014   -3.066417023539
              H     -4.322731523810    5.003545047804   -1.554749499970
              H     -2.610804052651    4.126262366844   -4.327272535709
              H      0.782985346877    8.232652373664    1.255620970779
              H      2.164182398707    5.677965628286    3.030398843427
              H     -1.172431446912    6.226589029760    3.171508473299
              H     -2.782304258209   -6.879559328897   -3.280774328088
              H     -2.686514040480   -3.701784523738   -4.484040436327
              H     -4.594778387775   -4.429914900400   -1.780133356511
              H      2.280249377853   -7.267401051445   -3.067902348280
              H      4.322402711462   -5.012768801063   -1.554080536919
              H      2.612748580842   -4.129533482782   -4.326199171265
              H     -0.785576161406   -8.233623692897    1.255193892673
              H     -2.167551780404   -5.678264205016    3.028579037160
              H      1.168958130278   -6.227382714737    3.171644533580
$End
$SCF_Mulliken_Population_Analysis
   &GeometryIndex 1
   &NAtoms [&Type "Integer"] 37
   &ATNO [&Type "ArrayOfIntegers", &Dim (37,1)] 
                                                         0

0                                                       28
1                                                       16
2                                                        6
3                                                        1
4                                                        1
5                                                        1
6                                                       16
7                                                        6
8                                                        1
9                                                        1
10                                                       1
11                                                      15
12                                                      15
13                                                       6
14                                                       6
15                                                       6
16                                                       6
17                                                       6
18                                                       6
19                                                       1
20                                                       1
21                                                       1
22                                                       1
23                                                       1
24                                                       1
25                                                       1
26                                                       1
27                                                       1
28                                                       1
29                                                       1
30                                                       1
31                                                       1
32                                                       1
33                                                       1
34                                                       1
35                                                       1
36                                                       1
   &AtomicCharges [&Type "ArrayOfDoubles", &Dim (37,1)] 
                                                         0

0                                      1.3437526479072659e-01
1                                     -2.6934991291067689e-01
2                                     -1.7295527313582770e-01
3                                      1.0011161230458265e-01
4                                      1.0758415271784649e-01
5                                      1.1547151312445614e-01
6                                     -2.6962764822088658e-01
7                                     -1.7302962930687649e-01
8                                      1.0017684837174490e-01
9                                      1.0756419292230346e-01
10                                     1.1544994330509595e-01
11                                     1.5193270384828317e-01
12                                     1.5163005939835728e-01
13                                    -2.0907982827455296e-01
14                                    -1.9297559010466347e-01
15                                    -1.7835621983032901e-01
16                                    -2.0903081136167412e-01
17                                    -1.9309253647748648e-01
18                                    -1.7827962256192897e-01
19                                     1.0948625353153607e-01
20                                     1.1668051311545724e-01
21                                     1.1009844446063932e-01
22                                     1.0812498586132202e-01
23                                     1.0371705594295877e-01
24                                     1.1395680297535482e-01
25                                     1.0868863172827670e-01
26                                     1.0345501518899725e-01
27                                     1.0657998298816596e-01
28                                     1.0943884827951966e-01
29                                     1.1668525558697906e-01
30                                     1.1005520194740170e-01
31                                     1.0812487712049446e-01
32                                     1.0374606798275587e-01
33                                     1.1392202066301538e-01
34                                     1.0869545697993099e-01
35                                     1.0343233367412097e-01
36                                     1.0659303337457615e-01
   &Method [&Type "String"] "SCF"
   &Level [&Type "String"] "Relaxed density"
   &Mult [&Type "Integer"] 2
   &State [&Type "Integer"] -1
   &Irrep [&Type "Integer"] 0
$End
$SCF_Loewdin_Population_Analysis
   &GeometryIndex 1
   &NAtoms [&Type "Integer"] 37
   &ATNO [&Type "ArrayOfIntegers", &Dim (37,1)] 
                                                         0

0                                                       28
1                                                       16
2                                                        6
3                                                        1
4                                                        1
5                                                        1
6                                                       16
7                                                        6
8                                                        1
9                                                        1
10                                                       1
11                                                      15
12                                                      15
13                                                       6
14                                                       6
15                                                       6
16                                                       6
17                                                       6
18                                                       6
19                                                       1
20                                                       1
21                                                       1
22                                                       1
23                                                       1
24                                                       1
25                                                       1
26                                                       1
27                                                       1
28                                                       1
29                                                       1
30                                                       1
31                                                       1
32                                                       1
33                                                       1
34                                                       1
35                                                       1
36                                                       1
   &AtomicCharges [&Type "ArrayOfDoubles", &Dim (37,1)] 
                                                         0

0                                     -2.7025286248307623e-01
1                                      7.5967049504980011e-02
2                                     -1.8662336445050620e-01
3                                      2.8819699136563681e-02
4                                      4.7361761860745699e-02
5                                      4.1732452251116881e-02
6                                      7.5703836558554727e-02
7                                     -1.8663469205481675e-01
8                                      2.8842795869944426e-02
9                                      4.7355719433239574e-02
10                                     4.1723346042288223e-02
11                                     7.6758496689911659e-01
12                                     7.6739821765495542e-01
13                                    -2.0594080333543641e-01
14                                    -2.0260812900380820e-01
15                                    -2.0217650684759292e-01
16                                    -2.0593593850808123e-01
17                                    -2.0259830760158426e-01
18                                    -2.0222198292805604e-01
19                                     5.4205746824869450e-02
20                                     5.5701059367811001e-02
21                                     4.2009414276699575e-02
22                                     5.4730694756858878e-02
23                                     4.8307749421873547e-02
24                                     5.7765799495857917e-02
25                                     5.5987152921399219e-02
26                                     5.0304373466291685e-02
27                                     5.2285873020014417e-02
28                                     5.4175580672645052e-02
29                                     5.5720553928127470e-02
30                                     4.1948424493701730e-02
31                                     5.4734711641173051e-02
32                                     4.8312882521505118e-02
33                                     5.7744543937094939e-02
34                                     5.5982473551138945e-02
35                                     5.0269036398457478e-02
36                                     5.2316671305935314e-02
   &Method [&Type "String"] "SCF"
   &Level [&Type "String"] "Relaxed density"
   &Mult [&Type "Integer"] 2
   &State [&Type "Integer"] -1
   &Irrep [&Type "Integer"] 0
$End
$SCF_Mayer_Population_Analysis
   &GeometryIndex 1
   &NAtoms [&Type "Integer"] 37 "Total number of atoms"
   &NBondOrdersPrint [&Type "Integer"] 36 "The number of bond orders larger than threshold"
   &bondThresh [&Type "Double"]       1.0000000000000001e-01  "The threshold for printing"
   &components [&Type "ArrayOfIntegers", &Dim (36,4)] "The indices and atomic numbers of the bonding atoms"
                                                         0                           1                           2                           3

0                                                        0                          28                           1                          16
1                                                        0                          28                           6                          16
2                                                        0                          28                          11                          15
3                                                        0                          28                          12                          15
4                                                        1                          16                           2                           6
5                                                        2                           6                           3                           1
6                                                        2                           6                           4                           1
7                                                        2                           6                           5                           1
8                                                        6                          16                           7                           6
9                                                        7                           6                           8                           1
10                                                       7                           6                           9                           1
11                                                       7                           6                          10                           1
12                                                      11                          15                          13                           6
13                                                      11                          15                          14                           6
14                                                      11                          15                          15                           6
15                                                      12                          15                          16                           6
16                                                      12                          15                          17                           6
17                                                      12                          15                          18                           6
18                                                      13                           6                          19                           1
19                                                      13                           6                          20                           1
20                                                      13                           6                          21                           1
21                                                      14                           6                          22                           1
22                                                      14                           6                          23                           1
23                                                      14                           6                          24                           1
24                                                      15                           6                          25                           1
25                                                      15                           6                          26                           1
26                                                      15                           6                          27                           1
27                                                      16                           6                          28                           1
28                                                      16                           6                          29                           1
29                                                      16                           6                          30                           1
30                                                      17                           6                          31                           1
31                                                      17                           6                          32                           1
32                                                      17                           6                          33                           1
33                                                      18                           6                          34                           1
34                                                      18                           6                          35                           1
35                                                      18                           6                          36                           1
   &BondOrders [&Type "ArrayOfDoubles", &Dim (36,1)] "The bond orders"
                                                         0

0                                      1.0198676558850690e+00
1                                      1.0194565299338163e+00
2                                      7.7063453058376852e-01
3                                      7.7029182152254339e-01
4                                      9.9048883682970568e-01
5                                      9.5010862078253033e-01
6                                      9.5581425751442428e-01
7                                      9.5982362687741152e-01
8                                      9.9053356854530317e-01
9                                      9.5012225708739451e-01
10                                     9.5582766630897120e-01
11                                     9.5984847796126738e-01
12                                     1.0363560430101497e+00
13                                     1.0310149232359802e+00
14                                     1.0295572342215156e+00
15                                     1.0363824263008494e+00
16                                     1.0310453529614680e+00
17                                     1.0295801255650801e+00
18                                     9.3908597570153718e-01
19                                     9.5116322183139146e-01
20                                     9.4809133224644893e-01
21                                     9.3681340165717686e-01
22                                     9.5231900386522028e-01
23                                     9.4743639125974577e-01
24                                     9.3729639274178778e-01
25                                     9.4185345555791067e-01
26                                     9.5366427407709098e-01
27                                     9.3911599290617331e-01
28                                     9.5113541831469162e-01
29                                     9.4807853193496738e-01
30                                     9.3681267208812524e-01
31                                     9.5236480042724425e-01
32                                     9.4742756651376903e-01
33                                     9.3729573063774929e-01
34                                     9.4186933672960071e-01
35                                     9.5364762650715551e-01
   &ATNO [&Type "ArrayOfIntegers", &Dim (37,1)] "Atomic number of the elements"
                                                         0

0                                                       28
1                                                       16
2                                                        6
3                                                        1
4                                                        1
5                                                        1
6                                                       16
7                                                        6
8                                                        1
9                                                        1
10                                                       1
11                                                      15
12                                                      15
13                                                       6
14                                                       6
15                                                       6
16                                                       6
17                                                       6
18                                                       6
19                                                       1
20                                                       1
21                                                       1
22                                                       1
23                                                       1
24                                                       1
25                                                       1
26                                                       1
27                                                       1
28                                                       1
29                                                       1
30                                                       1
31                                                       1
32                                                       1
33                                                       1
34                                                       1
35                                                       1
36                                                       1
   &NA [&Type "ArrayOfDoubles", &Dim (37,1)] "Mulliken gross atomic population"
                                                         0

0                                      2.7865624735209302e+01
1                                      1.6269349912910677e+01
2                                      6.1729552731358268e+00
3                                      8.9988838769541779e-01
4                                      8.9241584728215317e-01
5                                      8.8452848687554442e-01
6                                      1.6269627648220883e+01
7                                      6.1730296293068774e+00
8                                      8.9982315162825421e-01
9                                      8.9243580707769576e-01
10                                     8.8455005669490450e-01
11                                     1.4848067296151713e+01
12                                     1.4848369940601639e+01
13                                     6.2090798282745485e+00
14                                     6.1929755901046617e+00
15                                     6.1783562198303290e+00
16                                     6.2090308113616759e+00
17                                     6.1930925364774865e+00
18                                     6.1782796225619254e+00
19                                     8.9051374646846337e-01
20                                     8.8331948688454309e-01
21                                     8.8990155553936157e-01
22                                     8.9187501413867765e-01
23                                     8.9628294405704112e-01
24                                     8.8604319702464518e-01
25                                     8.9131136827172341e-01
26                                     8.9654498481100298e-01
27                                     8.9342001701183438e-01
28                                     8.9056115172048034e-01
29                                     8.8331474441302071e-01
30                                     8.8994479805259852e-01
31                                     8.9187512287950577e-01
32                                     8.9625393201724413e-01
33                                     8.8607797933698451e-01
34                                     8.9130454302006834e-01
35                                     8.9656766632587925e-01
36                                     8.9340696662542385e-01
   &ZA [&Type "ArrayOfDoubles", &Dim (37,1)] "Total nuclear charge"
                                                         0

0                                      2.8000000000000000e+01
1                                      1.6000000000000000e+01
2                                      6.0000000000000000e+00
3                                      1.0000000000000000e+00
4                                      1.0000000000000000e+00
5                                      1.0000000000000000e+00
6                                      1.6000000000000000e+01
7                                      6.0000000000000000e+00
8                                      1.0000000000000000e+00
9                                      1.0000000000000000e+00
10                                     1.0000000000000000e+00
11                                     1.5000000000000000e+01
12                                     1.5000000000000000e+01
13                                     6.0000000000000000e+00
14                                     6.0000000000000000e+00
15                                     6.0000000000000000e+00
16                                     6.0000000000000000e+00
17                                     6.0000000000000000e+00
18                                     6.0000000000000000e+00
19                                     1.0000000000000000e+00
20                                     1.0000000000000000e+00
21                                     1.0000000000000000e+00
22                                     1.0000000000000000e+00
23                                     1.0000000000000000e+00
24                                     1.0000000000000000e+00
25                                     1.0000000000000000e+00
26                                     1.0000000000000000e+00
27                                     1.0000000000000000e+00
28                                     1.0000000000000000e+00
29                                     1.0000000000000000e+00
30                                     1.0000000000000000e+00
31                                     1.0000000000000000e+00
32                                     1.0000000000000000e+00
33                                     1.0000000000000000e+00
34                                     1.0000000000000000e+00
35                                     1.0000000000000000e+00
36                                     1.0000000000000000e+00
   &QA [&Type "ArrayOfDoubles", &Dim (37,1)] "Mulliken gross atomic charge"
                                                         0

0                                      1.3437526479069817e-01
1                                     -2.6934991291067689e-01
2                                     -1.7295527313582681e-01
3                                      1.0011161230458221e-01
4                                      1.0758415271784683e-01
5                                      1.1547151312445558e-01
6                                     -2.6962764822088303e-01
7                                     -1.7302962930687737e-01
8                                      1.0017684837174579e-01
9                                      1.0756419292230424e-01
10                                     1.1544994330509550e-01
11                                     1.5193270384828672e-01
12                                     1.5163005939836083e-01
13                                    -2.0907982827454852e-01
14                                    -1.9297559010466170e-01
15                                    -1.7835621983032901e-01
16                                    -2.0903081136167589e-01
17                                    -1.9309253647748648e-01
18                                    -1.7827962256192542e-01
19                                     1.0948625353153663e-01
20                                     1.1668051311545691e-01
21                                     1.1009844446063843e-01
22                                     1.0812498586132235e-01
23                                     1.0371705594295888e-01
24                                     1.1395680297535482e-01
25                                     1.0868863172827659e-01
26                                     1.0345501518899702e-01
27                                     1.0657998298816562e-01
28                                     1.0943884827951966e-01
29                                     1.1668525558697929e-01
30                                     1.1005520194740148e-01
31                                     1.0812487712049423e-01
32                                     1.0374606798275587e-01
33                                     1.1392202066301549e-01
34                                     1.0869545697993166e-01
35                                     1.0343233367412075e-01
36                                     1.0659303337457615e-01
   &VA [&Type "ArrayOfDoubles", &Dim (37,1)] "Mayer's total valence"
                                                         0

0                                      4.3102417799343797e+00
1                                      2.3344418119756689e+00
2                                      3.8991310120722158e+00
3                                      9.8428076761002048e-01
4                                      9.7957084623852753e-01
5                                      9.8138475149187776e-01
6                                      2.3341478739428956e+00
7                                      3.8992519584766931e+00
8                                      9.8418360084457701e-01
9                                      9.7956276104980766e-01
10                                     9.8133146993026144e-01
11                                     4.1911447598299985e+00
12                                     4.1905823581757993e+00
13                                     3.8914526820411606e+00
14                                     3.8954460929990908e+00
15                                     3.8744239481557949e+00
16                                     3.8915184995519345e+00
17                                     3.8955016503784226e+00
18                                     3.8744161518462925e+00
19                                     9.8483910241638217e-01
20                                     9.8400656701245814e-01
21                                     1.0000662874520425e+00
22                                     9.8380696790695210e-01
23                                     1.0097556342665217e+00
24                                     9.8546467519937708e-01
25                                     9.8413720506601821e-01
26                                     1.0047304794025231e+00
27                                     1.0026442670379092e+00
28                                     9.8483276883018023e-01
29                                     9.8396634962509222e-01
30                                     1.0001272344582177e+00
31                                     9.8380572519546239e-01
32                                     1.0097438783539032e+00
33                                     9.8549661351975193e-01
34                                     9.8412358489676843e-01
35                                     1.0047852617142210e+00
36                                     1.0025656443875455e+00
   &BVA [&Type "ArrayOfDoubles", &Dim (37,1)] "Mayer's bonded valence"
                                                         0

0                                      3.8303770558808239e+00
1                                      2.3072747615861431e+00
2                                      3.8990651291976306e+00
3                                      9.8426931560102571e-01
4                                      9.7956789509163300e-01
5                                      9.8130364219911825e-01
6                                      2.3070501719777106e+00
7                                      3.8991862157030717e+00
8                                      9.8417224564914096e-01
9                                      9.7955981792032354e-01
10                                     9.8125043922871880e-01
11                                     4.1906779934740133e+00
12                                     4.1901175335884719e+00
13                                     3.8914482912047070e+00
14                                     3.8954410318906687e+00
15                                     3.8744216872748947e+00
16                                     3.8915141118941863e+00
17                                     3.8954965449775960e+00
18                                     3.8744138806037594e+00
19                                     9.8483632637924101e-01
20                                     9.8400650381380184e-01
21                                     1.0000663045924070e+00
22                                     9.8380694192734519e-01
23                                     1.0097556211032159e+00
24                                     9.8546466033472380e-01
25                                     9.8413505543690116e-01
26                                     1.0047302804113218e+00
27                                     1.0026442409368701e+00
28                                     9.8482999852645792e-01
29                                     9.8396628756533644e-01
30                                     1.0001272526749150e+00
31                                     9.8380569909013793e-01
32                                     1.0097438650426667e+00
33                                     9.8549659830141634e-01
34                                     9.8412143175786793e-01
35                                     1.0047850638345497e+00
36                                     1.0025656181263740e+00
   &FA [&Type "ArrayOfDoubles", &Dim (37,1)] "Mayer's free valence"
                                                         0

0                                      4.7986472405355585e-01
1                                      2.7167050389525826e-02
2                                      6.5882874585421192e-05
3                                      1.1452008994787891e-05
4                                      2.9511468945791347e-06
5                                      8.1109292759526039e-05
6                                      2.7097701965185017e-02
7                                      6.5742773621257911e-05
8                                      1.1355195436072926e-05
9                                      2.9431294841040373e-06
10                                     8.1030701542604555e-05
11                                     4.6676635598497107e-04
12                                     4.6482458732777232e-04
13                                     4.3908364533162825e-06
14                                     5.0611084221330316e-06
15                                     2.2608809000512764e-06
16                                     4.3876577484613932e-06
17                                     5.1054008267659157e-06
18                                     2.2712425331583574e-06
19                                     2.7760371411646168e-06
20                                     6.3198656341176274e-08
21                                    -1.7140364533957397e-08
22                                     2.5979606880707773e-08
23                                     1.3163305778718382e-08
24                                     1.4864653331142508e-08
25                                     2.1496291170344101e-06
26                                     1.9899120123380298e-07
27                                     2.6101039036705020e-08
28                                     2.7703037223120869e-06
29                                     6.2059755792653881e-08
30                                    -1.8216697261763670e-08
31                                     2.6105324488906456e-08
32                                     1.3311236475924138e-08
33                                     1.5218335617725454e-08
34                                     2.1531389005000068e-06
35                                     1.9787967138647222e-07
36                                     2.6261171442304443e-08
   &Method [&Type "String"] "SCF"
   &Level [&Type "String"] "Relaxed density"
   &Mult [&Type "Integer"] 2
   &State [&Type "Integer"] -1
   &Irrep [&Type "Integer"] 0
$End
$SCF_Energy
   &GeometryIndex 1
   &Method [&Type "String"] "SCF"
   &totalEnergy [&Type "ArrayOfDoubles", &Dim (1,1)] "Total energy of each state"
                                                         0

0                                     -3.3046198099748176e+03
   &Mult [&Type "ArrayOfIntegers", &Dim (1,1)] "Multiplicity of each state"
                                                         0

0                                                        2
$End
$DFT_Energy
   &GeometryIndex 1
   &nAlphaEl [&Type "Integer"] 81
   &nBetaEl [&Type "Integer"] 80
   &nTotalEl [&Type "Integer"] 161
   &finalEn [&Type "Double"]      -3.3046198099748176e+03  "No Van der Waals correction"
   &eExchange [&Type "Double"]      -1.5432912427914232e+02
   &eCorr [&Type "Double"]      -6.0271431054422004e+00
   &eXC [&Type "Double"]      -1.6035626738458453e+02
   &eCNL [&Type "Double"]       0.0000000000000000e+00
$End
$Solvation_Details
   &GeometryIndex 1
   &Solvent [&Type "String"] "ACETONITRILE"
   &Epsilon [&Type "Double"]       3.6762999999999998e+01
   &Refrac [&Type "Double"]       1.3442000000000001e+00
   &RSolv [&Type "Double"]       1.3000000000000000e+00
   &SurfaceType [&Type "String"] "GAUSSIAN VDW"
   &CPCMDielEnergy [&Type "Double"]      -7.4013923999999995e-02
   &NPoints [&Type "Integer"] 3177
   &SurfaceArea [&Type "Double"]       1.1427929022210001e+03
$End
$SCF_Timings
   &GeometryIndex 1
   &TOTAL [&Type "Double"]       4.6665382000000001e+01
   &PREP [&Type "Double"]       6.3411200000000001e-01
   &FOCK [&Type "Double"]       4.3191530999999991e+01
   &DENS [&Type "Double"]       2.3283299999999230e-01
   &ETOT [&Type "Double"]       1.1433700000000346e-01
   &POP [&Type "Double"]       7.6524999999996624e-02
   &TRAFO [&Type "Double"]       1.3696800000000042e-01
   &DIIS [&Type "Double"]       5.9556700000000085e-01
   &SOSCF [&Type "Double"]       6.8649500000000252e-01
   &XC [&Type "Double"]       5.2795230000000029e+00
   &FOCKSTART [&Type "Double"]       3.5343000000015667e-02
   &SOLV [&Type "Double"]       7.1581910000000235e+00
   &SOLV_INIT [&Type "Double"]       3.8309000000000004e-01
   &INT_PREP [&Type "Double"]       3.9999999978945766e-06
   &INT_BF [&Type "Double"]       1.0777470000000591e+00
   &INT_DENS [&Type "Double"]       1.4457550000000094e+00
   &INT_DENSIO [&Type "Double"]       1.1931098621300020e+05
   &INT_FUNC [&Type "Double"]       1.5765600000014812e-01
   &INT_POT [&Type "Double"]       1.1489610000001482e+00
   &INT_POTIO [&Type "Double"]       4.5676999999646917e-02
   &INT_SUM [&Type "Double"]       6.7000000000305704e-04
   &SPLITRIJ [&Type "Double"]       3.6713249999999933e+00
   &COSX [&Type "Double"]       2.8122763999999993e+01
$End
$VdW_Correction
   &GeometryIndex 1
   &vdW [&Type "Double"]      -5.0751438222226442e-02
$End
$Single_Point_Data
   &GeometryIndex 1
   &FinalEnergy [&Type "Double"]      -3.3046705614130396e+03  "Final single point energy"
   &Converged [&Type "Boolean"] true
$End
$Calculation_Info
   &GeometryIndex 1
   &Mult [&Type "Integer"] 2
   &Charge [&Type "Integer"] 1
   &NumOfAtoms [&Type "Integer"] 37
   &NumOfElectrons [&Type "Integer"] 161
   &NumOfBasisFuncts [&Type "Integer"] 335
   &NumOfAuxCBasisFuncts [&Type "Integer"] 0
   &NumOfAuxJBasisFuncts [&Type "Integer"] 949
   &NumOfAuxJKBasisFuncts [&Type "Integer"] 0
   &NumOfCABSBasisFuncts [&Type "Integer"] 0
$End
$SCF_Dipole_Moment
   &GeometryIndex 1
   &dipoleMagnitude [&Type "Double", &Units "a.u."]       7.8547490569312117e-01
   &dipoleElecContrib [&Type "ArrayOfDoubles", &Dim (3,1)] "Electronic contribution"
                                                         0

0                                      6.9337694441728628e-03
1                                      1.7524265777520793e-04
2                                     -3.4371702382511721e-01
   &dipoleNucContrib [&Type "ArrayOfDoubles", &Dim (3,1)] "Nuclear contribution"
                                                         0

0                                     -6.5800920884915293e-03
1                                      5.3078249660920562e-04
2                                     -4.4175748493657840e-01
   &dipoleTotal [&Type "ArrayOfDoubles", &Dim (3,1)] "Total"
                                                         0

0                                      3.5367735568133350e-04
1                                      7.0602515438441356e-04
2                                     -7.8547450876169567e-01
   &doAtomicDipole [&Type "Boolean"] false
   &Method [&Type "String"] "SCF"
   &Level [&Type "String"] "Relaxed density"
   &Mult [&Type "Integer"] 2
   &State [&Type "Integer"] -1
   &Irrep [&Type "Integer"] 0
$End
$Calculation_Timings
   &GeometryIndex 1
   &GTOINT [&Type "Double"]       2.2114509999999998e+00
   &SCF [&Type "Double"]       4.8556756000000000e+01
   &PROP [&Type "Double"]       3.5015800000000041e-01
   &SUM [&Type "Double"]       5.1118364999999997e+01
$End
