*************************************************
******************* ORCA 6.1.1 ******************
*************************************************
$Calculation_Status
   &GeometryIndex 1
   &version [&Type "String"] "6.1.1"
   &progName [&Type "String"] "LeanSCF"
   &Status [&Type "String"] "NORMAL TERMINATION"
$End
$Geometry
   &GeometryIndex 1
   &NAtoms [&Type "Integer"] 37
   &NCorelessECP [&Type "Integer"] 0
   &NGhostAtoms [&Type "Integer"] 0
   &CartesianCoordinates [&Type "Coordinates", &Dim(37,4), &Units "Bohr"] 
              Ni     0.000772897989    0.000018897261    0.087210861080
              S      3.954011940011    0.256494417883    1.107821710393
              C      4.760607525205   -2.364170225734    3.158924786973
              H      5.007349066511   -4.151412731961    2.133355296285
              H      6.575003506250   -1.865664251058    4.041470355215
              H      3.341438316439   -2.597147001881    4.655466942566
              S     -3.951685687140   -0.255644041123    1.113358607966
              C     -4.758576069611    2.364179674365    3.165584181869
              H     -5.006417431527    4.152142166248    2.141360176188
              H     -6.572645128035    1.864279081802    4.048012587091
              H     -3.339357727966    2.596933462828    4.662120668284
              P      0.138171105734    4.185964484593   -0.726954967006
              P     -0.137812057768   -4.186816751080   -0.727159057428
              C      2.822396687866    4.869136386802   -2.764412331173
              C     -2.542802257721    5.256893071674   -2.585835101243
              C      0.500594122054    6.292599053344    1.948509844769
              C     -2.821243954924   -4.864204201593   -2.767683447110
              C      2.542082272064   -5.261322589732   -2.585625341642
              C     -0.503485403039   -6.293409745856    1.947744505685
              H      2.778239457294    6.884257188066   -3.278019107385
              H      2.693878303224    3.705815309582   -4.480618142299
              H      4.595653330975    4.440370755099   -1.773965290410
              H     -2.284951016474    7.263891830014   -3.066417023539
              H     -4.322731523810    5.003545047804   -1.554749499970
              H     -2.610804052651    4.126262366844   -4.327272535709
              H      0.782985346877    8.232652373664    1.255620970779
              H      2.164182398707    5.677965628286    3.030398843427
              H     -1.172431446912    6.226589029760    3.171508473299
              H     -2.782304258209   -6.879559328897   -3.280774328088
              H     -2.686514040480   -3.701784523738   -4.484040436327
              H     -4.594778387775   -4.429914900400   -1.780133356511
              H      2.280249377853   -7.267401051445   -3.067902348280
              H      4.322402711462   -5.012768801063   -1.554080536919
              H      2.612748580842   -4.129533482782   -4.326199171265
              H     -0.785576161406   -8.233623692897    1.255193892673
              H     -2.167551780404   -5.678264205016    3.028579037160
              H      1.168958130278   -6.227382714737    3.171644533580
$End
$SCF_Mulliken_Population_Analysis
   &GeometryIndex 1
   &NAtoms [&Type "Integer"] 37
   &ATNO [&Type "ArrayOfIntegers", &Dim (37,1)] 
                                                         0

0                                                       28
1                                                       16
2                                                        6
3                                                        1
4                                                        1
5                                                        1
6                                                       16
7                                                        6
8                                                        1
9                                                        1
10                                                       1
11                                                      15
12                                                      15
13                                                       6
14                                                       6
15                                                       6
16                                                       6
17                                                       6
18                                                       6
19                                                       1
20                                                       1
21                                                       1
22                                                       1
23                                                       1
24                                                       1
25                                                       1
26                                                       1
27                                                       1
28                                                       1
29                                                       1
30                                                       1
31                                                       1
32                                                       1
33                                                       1
34                                                       1
35                                                       1
36                                                       1
   &AtomicCharges [&Type "ArrayOfDoubles", &Dim (37,1)] 
                                                         0

0                                      1.4332073037837745e-01
1                                     -2.6998990778827192e-01
2                                     -1.1675516149903853e-01
3                                      8.9625227245392680e-02
4                                      9.2677734331068740e-02
5                                      1.0414378778558497e-01
6                                     -2.7033045581211468e-01
7                                     -1.1682236593511774e-01
8                                      8.9696224650751555e-02
9                                      9.2662769148482482e-02
10                                     1.0412131843007888e-01
11                                     1.0045985862510776e-01
12                                     1.0017181104674577e-01
13                                    -1.5314433299857111e-01
14                                    -1.3533672452282008e-01
15                                    -1.1857619767767336e-01
16                                    -1.5308839877496716e-01
17                                    -1.3545165097306011e-01
18                                    -1.1848873553499306e-01
19                                     9.3072341409433990e-02
20                                     1.0065349219107167e-01
21                                     9.4836893294381719e-02
22                                     9.1784169063642951e-02
23                                     8.7525658495764214e-02
24                                     9.7836031172560345e-02
25                                     9.1691737701180775e-02
26                                     8.7478796998141872e-02
27                                     9.0717205827568370e-02
28                                     9.3023820770576249e-02
29                                     1.0066127163323879e-01
30                                     9.4797015611087332e-02
31                                     9.1785283451994437e-02
32                                     8.7550719744406980e-02
33                                     9.7803916375341249e-02
34                                     9.1697965795609293e-02
35                                     8.7458399300342826e-02
36                                     9.0729751038676865e-02
   &Method [&Type "String"] "SCF"
   &Level [&Type "String"] "Relaxed density"
   &Mult [&Type "Integer"] 2
   &State [&Type "Integer"] -1
   &Irrep [&Type "Integer"] 0
$End
$SCF_Loewdin_Population_Analysis
   &GeometryIndex 1
   &NAtoms [&Type "Integer"] 37
   &ATNO [&Type "ArrayOfIntegers", &Dim (37,1)] 
                                                         0

0                                                       28
1                                                       16
2                                                        6
3                                                        1
4                                                        1
5                                                        1
6                                                       16
7                                                        6
8                                                        1
9                                                        1
10                                                       1
11                                                      15
12                                                      15
13                                                       6
14                                                       6
15                                                       6
16                                                       6
17                                                       6
18                                                       6
19                                                       1
20                                                       1
21                                                       1
22                                                       1
23                                                       1
24                                                       1
25                                                       1
26                                                       1
27                                                       1
28                                                       1
29                                                       1
30                                                       1
31                                                       1
32                                                       1
33                                                       1
34                                                       1
35                                                       1
36                                                       1
   &AtomicCharges [&Type "ArrayOfDoubles", &Dim (37,1)] 
                                                         0

0                                     -2.9321558503275114e-01
1                                      9.7991079434722295e-02
2                                     -1.6637106065392970e-01
3                                      2.5047361286355652e-02
4                                      4.1564410779013294e-02
5                                      3.7976110598101798e-02
6                                      9.7672544732169797e-02
7                                     -1.6637697155064846e-01
8                                      2.5072052943462597e-02
9                                      4.1561187387914145e-02
10                                     3.7970081590265825e-02
11                                     7.5565642903668540e-01
12                                     7.5549150731194814e-01
13                                    -1.8786119525211387e-01
14                                    -1.8436777457971765e-01
15                                    -1.8411426105320405e-01
16                                    -1.8785061795119162e-01
17                                    -1.8435615941992456e-01
18                                    -1.8415666915924955e-01
19                                     4.7416494008343246e-02
20                                     4.9061895974959469e-02
21                                     3.5537984292218328e-02
22                                     4.7929178662584615e-02
23                                     4.1850109383214651e-02
24                                     5.1043436914364526e-02
25                                     4.8802136835211063e-02
26                                     4.3830974233720843e-02
27                                     4.5905460410417875e-02
28                                     4.7386336287297826e-02
29                                     4.9081218520393932e-02
30                                     3.5479550482841793e-02
31                                     4.7934372607579157e-02
32                                     4.1855536689219153e-02
33                                     5.1023146560538302e-02
34                                     4.8797509212610946e-02
35                                     4.3796857769492936e-02
36                                     4.5935330707050137e-02
   &Method [&Type "String"] "SCF"
   &Level [&Type "String"] "Relaxed density"
   &Mult [&Type "Integer"] 2
   &State [&Type "Integer"] -1
   &Irrep [&Type "Integer"] 0
$End
$SCF_Mayer_Population_Analysis
   &GeometryIndex 1
   &NAtoms [&Type "Integer"] 37 "Total number of atoms"
   &NBondOrdersPrint [&Type "Integer"] 37 "The number of bond orders larger than threshold"
   &bondThresh [&Type "Double"]       1.0000000000000001e-01  "The threshold for printing"
   &components [&Type "ArrayOfIntegers", &Dim (37,4)] "The indices and atomic numbers of the bonding atoms"
                                                         0                           1                           2                           3

0                                                        0                          28                           1                          16
1                                                        0                          28                           6                          16
2                                                        0                          28                          11                          15
3                                                        0                          28                          12                          15
4                                                        1                          16                           2                           6
5                                                        1                          16                           6                          16
6                                                        2                           6                           3                           1
7                                                        2                           6                           4                           1
8                                                        2                           6                           5                           1
9                                                        6                          16                           7                           6
10                                                       7                           6                           8                           1
11                                                       7                           6                           9                           1
12                                                       7                           6                          10                           1
13                                                      11                          15                          13                           6
14                                                      11                          15                          14                           6
15                                                      11                          15                          15                           6
16                                                      12                          15                          16                           6
17                                                      12                          15                          17                           6
18                                                      12                          15                          18                           6
19                                                      13                           6                          19                           1
20                                                      13                           6                          20                           1
21                                                      13                           6                          21                           1
22                                                      14                           6                          22                           1
23                                                      14                           6                          23                           1
24                                                      14                           6                          24                           1
25                                                      15                           6                          25                           1
26                                                      15                           6                          26                           1
27                                                      15                           6                          27                           1
28                                                      16                           6                          28                           1
29                                                      16                           6                          29                           1
30                                                      16                           6                          30                           1
31                                                      17                           6                          31                           1
32                                                      17                           6                          32                           1
33                                                      17                           6                          33                           1
34                                                      18                           6                          34                           1
35                                                      18                           6                          35                           1
36                                                      18                           6                          36                           1
   &BondOrders [&Type "ArrayOfDoubles", &Dim (37,1)] "The bond orders"
                                                         0

0                                      1.0317167685269679e+00
1                                      1.0313107820415335e+00
2                                      7.8536853824670672e-01
3                                      7.8498123920658025e-01
4                                      9.8166738629608852e-01
5                                      1.1897768734590106e-01
6                                      9.5116616560277323e-01
7                                      9.5687878763972645e-01
8                                      9.6008406541118796e-01
9                                      9.8170178734004110e-01
10                                     9.5118357533917386e-01
11                                     9.5689387983988305e-01
12                                     9.6010770136237600e-01
13                                     1.0324859376166575e+00
14                                     1.0266900677971655e+00
15                                     1.0219971609973917e+00
16                                     1.0325132531726855e+00
17                                     1.0267224473292944e+00
18                                     1.0220189407519968e+00
19                                     9.4030328895543125e-01
20                                     9.5355623050579974e-01
21                                     9.4992170205016380e-01
22                                     9.3808170683235748e-01
23                                     9.5400251896794086e-01
24                                     9.4942693700744019e-01
25                                     9.3842566040060160e-01
26                                     9.4371855147554928e-01
27                                     9.5550741025544328e-01
28                                     9.4033246950220217e-01
29                                     9.5352674467592724e-01
30                                     9.4990894866022235e-01
31                                     9.3807870513346581e-01
32                                     9.5404783790855840e-01
33                                     9.4941543703203712e-01
34                                     9.3842616367431275e-01
35                                     9.4373386277613602e-01
36                                     9.5548984202760190e-01
   &ATNO [&Type "ArrayOfIntegers", &Dim (37,1)] "Atomic number of the elements"
                                                         0

0                                                       28
1                                                       16
2                                                        6
3                                                        1
4                                                        1
5                                                        1
6                                                       16
7                                                        6
8                                                        1
9                                                        1
10                                                       1
11                                                      15
12                                                      15
13                                                       6
14                                                       6
15                                                       6
16                                                       6
17                                                       6
18                                                       6
19                                                       1
20                                                       1
21                                                       1
22                                                       1
23                                                       1
24                                                       1
25                                                       1
26                                                       1
27                                                       1
28                                                       1
29                                                       1
30                                                       1
31                                                       1
32                                                       1
33                                                       1
34                                                       1
35                                                       1
36                                                       1
   &NA [&Type "ArrayOfDoubles", &Dim (37,1)] "Mulliken gross atomic population"
                                                         0

0                                      2.7856679269621630e+01
1                                      1.6269989907788268e+01
2                                      6.1167551614990376e+00
3                                      9.1037477275460632e-01
4                                      9.0732226566893126e-01
5                                      8.9585621221441536e-01
6                                      1.6270330455812111e+01
7                                      6.1168223659351151e+00
8                                      9.1030377534924867e-01
9                                      9.0733723085151752e-01
10                                     8.9587868156992134e-01
11                                     1.4899540141374894e+01
12                                     1.4899828188953254e+01
13                                     6.1531443329985755e+00
14                                     6.1353367245228254e+00
15                                     6.1185761976776769e+00
16                                     6.1530883987749672e+00
17                                     6.1354516509730610e+00
18                                     6.1184887355349922e+00
19                                     9.0692765859056590e-01
20                                     8.9934650780892855e-01
21                                     9.0516310670561750e-01
22                                     9.0821583093635760e-01
23                                     9.1247434150423634e-01
24                                     9.0216396882743921e-01
25                                     9.0830826229881900e-01
26                                     9.1252120300185835e-01
27                                     9.0928279417243163e-01
28                                     9.0697617922942320e-01
29                                     8.9933872836676110e-01
30                                     9.0520298438891256e-01
31                                     9.0821471654800545e-01
32                                     9.1244928025559313e-01
33                                     9.0219608362465886e-01
34                                     9.0830203420439060e-01
35                                     9.1254160069965751e-01
36                                     9.0927024896132302e-01
   &ZA [&Type "ArrayOfDoubles", &Dim (37,1)] "Total nuclear charge"
                                                         0

0                                      2.8000000000000000e+01
1                                      1.6000000000000000e+01
2                                      6.0000000000000000e+00
3                                      1.0000000000000000e+00
4                                      1.0000000000000000e+00
5                                      1.0000000000000000e+00
6                                      1.6000000000000000e+01
7                                      6.0000000000000000e+00
8                                      1.0000000000000000e+00
9                                      1.0000000000000000e+00
10                                     1.0000000000000000e+00
11                                     1.5000000000000000e+01
12                                     1.5000000000000000e+01
13                                     6.0000000000000000e+00
14                                     6.0000000000000000e+00
15                                     6.0000000000000000e+00
16                                     6.0000000000000000e+00
17                                     6.0000000000000000e+00
18                                     6.0000000000000000e+00
19                                     1.0000000000000000e+00
20                                     1.0000000000000000e+00
21                                     1.0000000000000000e+00
22                                     1.0000000000000000e+00
23                                     1.0000000000000000e+00
24                                     1.0000000000000000e+00
25                                     1.0000000000000000e+00
26                                     1.0000000000000000e+00
27                                     1.0000000000000000e+00
28                                     1.0000000000000000e+00
29                                     1.0000000000000000e+00
30                                     1.0000000000000000e+00
31                                     1.0000000000000000e+00
32                                     1.0000000000000000e+00
33                                     1.0000000000000000e+00
34                                     1.0000000000000000e+00
35                                     1.0000000000000000e+00
36                                     1.0000000000000000e+00
   &QA [&Type "ArrayOfDoubles", &Dim (37,1)] "Mulliken gross atomic charge"
                                                         0

0                                      1.4332073037837034e-01
1                                     -2.6998990778826837e-01
2                                     -1.1675516149903764e-01
3                                      8.9625227245393679e-02
4                                      9.2677734331068740e-02
5                                      1.0414378778558464e-01
6                                     -2.7033045581211113e-01
7                                     -1.1682236593511508e-01
8                                      8.9696224650751333e-02
9                                      9.2662769148482482e-02
10                                     1.0412131843007866e-01
11                                     1.0045985862510598e-01
12                                     1.0017181104674577e-01
13                                    -1.5314433299857555e-01
14                                    -1.3533672452282541e-01
15                                    -1.1857619767767691e-01
16                                    -1.5308839877496716e-01
17                                    -1.3545165097306100e-01
18                                    -1.1848873553499217e-01
19                                     9.3072341409434101e-02
20                                     1.0065349219107145e-01
21                                     9.4836893294382496e-02
22                                     9.1784169063642396e-02
23                                     8.7525658495763659e-02
24                                     9.7836031172560789e-02
25                                     9.1691737701180998e-02
26                                     8.7478796998141650e-02
27                                     9.0717205827568370e-02
28                                     9.3023820770576804e-02
29                                     1.0066127163323890e-01
30                                     9.4797015611087443e-02
31                                     9.1785283451994548e-02
32                                     8.7550719744406869e-02
33                                     9.7803916375341138e-02
34                                     9.1697965795609404e-02
35                                     8.7458399300342493e-02
36                                     9.0729751038676976e-02
   &VA [&Type "ArrayOfDoubles", &Dim (37,1)] "Mayer's total valence"
                                                         0

0                                      4.2259398360649527e+00
1                                      2.3812792253797719e+00
2                                      3.8988257388381689e+00
3                                      9.8705492125707983e-01
4                                      9.8177496209840776e-01
5                                      9.8354822331314207e-01
6                                      2.3809312096492254e+00
7                                      3.8989288518415539e+00
8                                      9.8695426750300186e-01
9                                      9.8176584441291037e-01
10                                     9.8349549311085505e-01
11                                     4.1919587244458736e+00
12                                     4.1913957911361699e+00
13                                     3.8982808226753507e+00
14                                     3.9003501960638656e+00
15                                     3.8774168435620813e+00
16                                     3.8983592458611840e+00
17                                     3.9004018567458818e+00
18                                     3.8774050054356621e+00
19                                     9.8673897378375652e-01
20                                     9.8587652630054312e-01
21                                     1.0007889480015697e+00
22                                     9.8562935283575559e-01
23                                     1.0120171882440288e+00
24                                     9.8729237042741746e-01
25                                     9.8577450365772790e-01
26                                     1.0055189104508779e+00
27                                     1.0048162439870105e+00
28                                     9.8673087576386187e-01
29                                     9.8583512467933976e-01
30                                     1.0008388779228174e+00
31                                     9.8562836065689674e-01
32                                     1.0120179093570856e+00
33                                     9.8732258194461608e-01
34                                     9.8576070757872369e-01
35                                     1.0055712854758154e+00
36                                     1.0047370551855164e+00
   &BVA [&Type "ArrayOfDoubles", &Dim (37,1)] "Mayer's bonded valence"
                                                         0

0                                      3.9137380991725763e+00
1                                      2.3359243083382744e+00
2                                      3.8987234782894014e+00
3                                      9.8702481718178781e-01
4                                      9.8177358474483445e-01
5                                      9.8340359567162572e-01
6                                      2.3356747556618629e+00
7                                      3.8988267376092365e+00
8                                      9.8692435074461016e-01
9                                      9.8176447528507249e-01
10                                     9.8335094078737251e-01
11                                     4.1918051051733070e+00
12                                     4.1912421047794162e+00
13                                     3.8982776653422726e+00
14                                     3.9003396403432466e+00
15                                     3.8774161472142552e+00
16                                     3.8983560854375208e+00
17                                     3.9003912236075458e+00
18                                     3.8774043024301386e+00
19                                     9.8673769237991305e-01
20                                     9.8587644756378778e-01
21                                     1.0007889599604378e+00
22                                     9.8562917771302061e-01
23                                     1.0120171568272818e+00
24                                     9.8729233486910095e-01
25                                     9.8577356877562627e-01
26                                     1.0055186783385972e+00
27                                     1.0048162253830528e+00
28                                     9.8672959589006493e-01
29                                     9.8583504741735384e-01
30                                     1.0008388930251242e+00
31                                     9.8562818339438896e-01
32                                     1.0120178778159410e+00
33                                     9.8732254593298407e-01
34                                     9.8575976936467691e-01
35                                     1.0055710550709112e+00
36                                     1.0047370364205734e+00
   &FA [&Type "ArrayOfDoubles", &Dim (37,1)] "Mayer's free valence"
                                                         0

0                                      3.1220173689237640e-01
1                                      4.5354917041497522e-02
2                                      1.0226054876738555e-04
3                                      3.0104075291997878e-05
4                                      1.3773535733532100e-06
5                                      1.4462764151638476e-04
6                                      4.5256453987362555e-02
7                                      1.0211423231754058e-04
8                                      2.9916758391670267e-05
9                                      1.3691278378611532e-06
10                                     1.4455232348258712e-04
11                                     1.5361927256662966e-04
12                                     1.5368635675327980e-04
13                                     3.1573330780965136e-06
14                                     1.0555720618921072e-05
15                                     6.9634782606797785e-07
16                                     3.1604236631066485e-06
17                                     1.0633138336268999e-05
18                                     7.0300552346136413e-07
19                                     1.2814038435199349e-06
20                                     7.8736755304911754e-08
21                                    -1.1958868218614471e-08
22                                     1.7512273502856557e-07
23                                     3.1416747023338409e-08
24                                     3.5558316529085698e-08
25                                     9.3488210162195884e-07
26                                     2.3211228069794365e-07
27                                     1.8603957622695400e-08
28                                     1.2798737969738766e-06
29                                     7.7261985930582311e-08
30                                    -1.5102306721165304e-08
31                                     1.7726250776603503e-07
32                                     3.1541144493094087e-08
33                                     3.6011631962887258e-08
34                                     9.3821404674107600e-07
35                                     2.3040490416265103e-07
36                                     1.8764942898152892e-08
   &Method [&Type "String"] "SCF"
   &Level [&Type "String"] "Relaxed density"
   &Mult [&Type "Integer"] 2
   &State [&Type "Integer"] -1
   &Irrep [&Type "Integer"] 0
$End
$SCF_Energy
   &GeometryIndex 1
   &Method [&Type "String"] "SCF"
   &totalEnergy [&Type "ArrayOfDoubles", &Dim (1,1)] "Total energy of each state"
                                                         0

0                                     -3.3059374499224541e+03
   &Mult [&Type "ArrayOfIntegers", &Dim (1,1)] "Multiplicity of each state"
                                                         0

0                                                        2
$End
$DFT_Energy
   &GeometryIndex 1
   &nAlphaEl [&Type "Integer"] 81
   &nBetaEl [&Type "Integer"] 80
   &nTotalEl [&Type "Integer"] 161
   &finalEn [&Type "Double"]      -3.3059374499224541e+03  "No Van der Waals correction"
   &eExchange [&Type "Double"]      -1.8665359098873270e+02
   &eCorr [&Type "Double"]      -6.0323441110990519e+00
   &eXC [&Type "Double"]      -1.9268593509983177e+02
   &eCNL [&Type "Double"]       0.0000000000000000e+00
$End
$Solvation_Details
   &GeometryIndex 1
   &Solvent [&Type "String"] "ACETONITRILE"
   &Epsilon [&Type "Double"]       3.6762999999999998e+01
   &Refrac [&Type "Double"]       1.3442000000000001e+00
   &RSolv [&Type "Double"]       1.3000000000000000e+00
   &SurfaceType [&Type "String"] "GAUSSIAN VDW"
   &CPCMDielEnergy [&Type "Double"]      -7.2362810000000000e-02
   &NPoints [&Type "Integer"] 3177
   &SurfaceArea [&Type "Double"]       1.1427929022210001e+03
$End
$SCF_Timings
   &GeometryIndex 1
   &TOTAL [&Type "Double"]       4.3052285000000005e+01
   &PREP [&Type "Double"]       6.8165999999999993e-01
   &FOCK [&Type "Double"]       3.9902054000000007e+01
   &DENS [&Type "Double"]       1.9476400000000638e-01
   &ETOT [&Type "Double"]       1.2467799999999229e-01
   &POP [&Type "Double"]       7.7016000000000417e-02
   &TRAFO [&Type "Double"]       1.2111599999999534e-01
   &DIIS [&Type "Double"]       6.2869599999999703e-01
   &SOSCF [&Type "Double"]       5.1603799999999822e-01
   &XC [&Type "Double"]       9.1209550000000110e+00
   &FOCKSTART [&Type "Double"]       3.2803999999996725e-02
   &SOLV [&Type "Double"]       6.1206310000000066e+00
   &SOLV_INIT [&Type "Double"]       4.1919200000000001e-01
   &INT_BF [&Type "Double"]       9.5025199999999277e-01
   &INT_DENS [&Type "Double"]       3.2909890000001290e+00
   &INT_DENSIO [&Type "Double"]       9.8343338824000180e+04
   &INT_FUNC [&Type "Double"]       3.2586800000008198e-01
   &INT_POT [&Type "Double"]       2.6826049999999282e+00
   &INT_POTIO [&Type "Double"]       4.9810999999921002e-02
   &INT_SUM [&Type "Double"]       6.0000000000215437e-04
   &SPLITRIJ [&Type "Double"]       3.1337029999999997e+00
   &COSX [&Type "Double"]       2.2258567000000010e+01
$End
$VdW_Correction
   &GeometryIndex 1
   &vdW [&Type "Double"]      -6.7664065432642626e-02
$End
$Single_Point_Data
   &GeometryIndex 1
   &FinalEnergy [&Type "Double"]      -3.3060051139878869e+03  "Final single point energy"
   &Converged [&Type "Boolean"] true
$End
$Calculation_Info
   &GeometryIndex 1
   &Mult [&Type "Integer"] 2
   &Charge [&Type "Integer"] 1
   &NumOfAtoms [&Type "Integer"] 37
   &NumOfElectrons [&Type "Integer"] 161
   &NumOfBasisFuncts [&Type "Integer"] 335
   &NumOfAuxCBasisFuncts [&Type "Integer"] 0
   &NumOfAuxJBasisFuncts [&Type "Integer"] 949
   &NumOfAuxJKBasisFuncts [&Type "Integer"] 0
   &NumOfCABSBasisFuncts [&Type "Integer"] 0
$End
$SCF_Dipole_Moment
   &GeometryIndex 1
   &dipoleMagnitude [&Type "Double", &Units "a.u."]       6.5803381881317546e-01
   &dipoleElecContrib [&Type "ArrayOfDoubles", &Dim (3,1)] "Electronic contribution"
                                                         0

0                                      7.1013506083924347e-03
1                                      1.0149511267615709e-04
2                                     -2.1627582365534331e-01
   &dipoleNucContrib [&Type "ArrayOfDoubles", &Dim (3,1)] "Nuclear contribution"
                                                         0

0                                     -6.5800920884915293e-03
1                                      5.3078249660920562e-04
2                                     -4.4175748493657840e-01
   &dipoleTotal [&Type "ArrayOfDoubles", &Dim (3,1)] "Total"
                                                         0

0                                      5.2125851990090545e-04
1                                      6.3227760928536271e-04
2                                     -6.5803330859192166e-01
   &doAtomicDipole [&Type "Boolean"] false
   &Method [&Type "String"] "SCF"
   &Level [&Type "String"] "Relaxed density"
   &Mult [&Type "Integer"] 2
   &State [&Type "Integer"] -1
   &Irrep [&Type "Integer"] 0
$End
$Calculation_Timings
   &GeometryIndex 1
   &GTOINT [&Type "Double"]       2.1820360000000001e+00
   &SCF [&Type "Double"]       4.4970460000000003e+01
   &PROP [&Type "Double"]       3.4635099999999852e-01
   &SUM [&Type "Double"]       4.7498846999999998e+01
$End
