*************************************************
******************* ORCA 6.1.1 ******************
*************************************************
$Calculation_Status
   &GeometryIndex 1
   &version [&Type "String"] "6.1.1"
   &progName [&Type "String"] "LeanSCF"
   &Status [&Type "String"] "NORMAL TERMINATION"
$End
$Geometry
   &GeometryIndex 1
   &NAtoms [&Type "Integer"] 37
   &NCorelessECP [&Type "Integer"] 0
   &NGhostAtoms [&Type "Integer"] 0
   &CartesianCoordinates [&Type "Coordinates", &Dim(37,4), &Units "Bohr"] 
              Ni    -0.000308025360   -0.000258892480   -0.000978878137
              S      3.024387624595   -0.033945150544    2.959696629852
              C      5.607442938695   -1.130882038405    0.975578675541
              H      5.208637025118   -2.986897347824    0.121571751374
              H      6.014707266447    0.209493149480   -0.561475428911
              H      7.320732902396   -1.314935694671    2.141590722776
              S     -3.030381835891    0.034351441662   -2.958566573624
              C     -5.604434494689    1.134478187238   -0.964068353660
              H     -5.203808774846    2.994516723596   -0.119695253323
              H     -7.325158641002    1.311143014320   -2.120284060616
              H     -6.000305663580   -0.200764504468    0.580378359428
              P      0.554237777818    4.146418185789   -0.216120419032
              P     -0.554666745650   -4.147518006399    0.212531829104
              C      3.803043608898    5.156244368055   -0.808831131210
              C     -1.158318972144    6.025301071153   -2.558568242857
              C     -0.252189621750    5.718107190823    2.752849096959
              C     -3.802125201997   -5.156516488618    0.813646153400
              C      0.242848705470   -5.717330513382   -2.759912893248
              C      1.163976812189   -6.028963360401    2.548378839543
              H      3.921958405328    7.232089628906   -0.771312508547
              H      4.413736954967    4.467187858665   -2.672210703372
              H      5.025658623023    4.346347431305    0.659021202218
              H     -0.664711167607    8.034697891958   -2.343298200585
              H     -3.205971408803    5.783565414376   -2.326678059237
              H     -0.642627828006    5.374475611179   -4.461320259019
              H      0.129775052521    7.759005746280    2.631689305883
              H      0.880674739370    4.875589801550    4.275717027324
              H     -2.268215601832    5.416066593660    3.159992482239
              H     -3.922317453293   -7.232220020010    0.772504925738
              H     -5.028600926613   -4.342983718787   -0.648977307816
              H     -4.407045434727   -4.470638498586    2.680056846280
              H     -0.139567613347   -7.758210171577   -2.639679067977
              H      2.257653922470   -5.415594162127   -3.173065607633
              H     -0.894928943598   -4.873291894571   -4.278304062401
              H      0.667020412942   -8.037685548975    2.334431605565
              H      0.656222517813   -5.378007509323    4.453175539382
              H      3.211111463887   -5.790275831878    2.308710543156
$End
$SCF_Mulliken_Population_Analysis
   &GeometryIndex 1
   &NAtoms [&Type "Integer"] 37
   &ATNO [&Type "ArrayOfIntegers", &Dim (37,1)] 
                                                         0

0                                                       28
1                                                       16
2                                                        6
3                                                        1
4                                                        1
5                                                        1
6                                                       16
7                                                        6
8                                                        1
9                                                        1
10                                                       1
11                                                      15
12                                                      15
13                                                       6
14                                                       6
15                                                       6
16                                                       6
17                                                       6
18                                                       6
19                                                       1
20                                                       1
21                                                       1
22                                                       1
23                                                       1
24                                                       1
25                                                       1
26                                                       1
27                                                       1
28                                                       1
29                                                       1
30                                                       1
31                                                       1
32                                                       1
33                                                       1
34                                                       1
35                                                       1
36                                                       1
   &AtomicCharges [&Type "ArrayOfDoubles", &Dim (37,1)] 
                                                         0

0                                      5.7572079368796381e-02
1                                     -4.1922995695960807e-01
2                                     -1.7288573525458606e-01
3                                      7.9208745012984805e-02
4                                      7.3061007147340762e-02
5                                      7.5914205810757140e-02
6                                     -4.1950529804809733e-01
7                                     -1.7312270535069541e-01
8                                      7.9161468010181313e-02
9                                      7.5910072634931547e-02
10                                     7.3287101910062047e-02
11                                     1.6067453053324954e-01
12                                     1.6091357698177688e-01
13                                    -2.0482277931598691e-01
14                                    -1.9447747206480326e-01
15                                    -1.9157052494828442e-01
16                                    -2.0481214821086713e-01
17                                    -1.9170392113721668e-01
18                                    -1.9463801033516326e-01
19                                     8.1725769252187219e-02
20                                     9.8667674318962728e-02
21                                     8.3522642199873154e-02
22                                     7.8591341761388378e-02
23                                     8.0160783462862151e-02
24                                     8.3703958697195935e-02
25                                     8.2819315246715153e-02
26                                     8.0905290852514300e-02
27                                     9.5494960016583863e-02
28                                     8.1747600664360265e-02
29                                     8.3462578297514689e-02
30                                     9.8651550019871248e-02
31                                     8.2780828438296039e-02
32                                     9.5532891493618433e-02
33                                     8.0860477344234516e-02
34                                     7.8569971439824138e-02
35                                     8.3645390835286326e-02
36                                     8.0222739873739735e-02
   &Method [&Type "String"] "SCF"
   &Level [&Type "String"] "Relaxed density"
   &Mult [&Type "Integer"] 1
   &State [&Type "Integer"] -1
   &Irrep [&Type "Integer"] 0
$End
$SCF_Loewdin_Population_Analysis
   &GeometryIndex 1
   &NAtoms [&Type "Integer"] 37
   &ATNO [&Type "ArrayOfIntegers", &Dim (37,1)] 
                                                         0

0                                                       28
1                                                       16
2                                                        6
3                                                        1
4                                                        1
5                                                        1
6                                                       16
7                                                        6
8                                                        1
9                                                        1
10                                                       1
11                                                      15
12                                                      15
13                                                       6
14                                                       6
15                                                       6
16                                                       6
17                                                       6
18                                                       6
19                                                       1
20                                                       1
21                                                       1
22                                                       1
23                                                       1
24                                                       1
25                                                       1
26                                                       1
27                                                       1
28                                                       1
29                                                       1
30                                                       1
31                                                       1
32                                                       1
33                                                       1
34                                                       1
35                                                       1
36                                                       1
   &AtomicCharges [&Type "ArrayOfDoubles", &Dim (37,1)] 
                                                         0

0                                     -4.0114145964562908e-01
1                                     -1.0275795274976929e-01
2                                     -1.9551657887637131e-01
3                                      1.6276748531255381e-02
4                                      2.0355759378356764e-02
5                                      2.8300447320015132e-02
6                                     -1.0319905832059817e-01
7                                     -1.9553964780734123e-01
8                                      1.6211823821860705e-02
9                                      2.8291657378919366e-02
10                                     2.0412284551874715e-02
11                                     7.3637825054176176e-01
12                                     7.3635225424784423e-01
13                                    -2.1504771584129045e-01
14                                    -2.2131159259850008e-01
15                                    -2.1647040304632981e-01
16                                    -2.1505737074224385e-01
17                                    -2.1650863717853230e-01
18                                    -2.2131348288160702e-01
19                                     3.9891554590848477e-02
20                                     4.4646100278491030e-02
21                                     3.3094748120746087e-02
22                                     3.7287715311089209e-02
23                                     3.9391831274763534e-02
24                                     3.8696405547475998e-02
25                                     4.0066061400856334e-02
26                                     3.3433384393895205e-02
27                                     4.4193009559904461e-02
28                                     3.9894261448143675e-02
29                                     3.3076184917790741e-02
30                                     4.4652340622289732e-02
31                                     4.0048926381249461e-02
32                                     4.4209143030143561e-02
33                                     3.3371826184041886e-02
34                                     3.7298414327884832e-02
35                                     3.8598003518126256e-02
36                                     3.9434763008322271e-02
   &Method [&Type "String"] "SCF"
   &Level [&Type "String"] "Relaxed density"
   &Mult [&Type "Integer"] 1
   &State [&Type "Integer"] -1
   &Irrep [&Type "Integer"] 0
$End
$SCF_Mayer_Population_Analysis
   &GeometryIndex 1
   &NAtoms [&Type "Integer"] 37 "Total number of atoms"
   &NBondOrdersPrint [&Type "Integer"] 36 "The number of bond orders larger than threshold"
   &bondThresh [&Type "Double"]       1.0000000000000001e-01  "The threshold for printing"
   &components [&Type "ArrayOfIntegers", &Dim (36,4)] "The indices and atomic numbers of the bonding atoms"
                                                         0                           1                           2                           3

0                                                        0                          28                           1                          16
1                                                        0                          28                           6                          16
2                                                        0                          28                          11                          15
3                                                        0                          28                          12                          15
4                                                        1                          16                           2                           6
5                                                        2                           6                           3                           1
6                                                        2                           6                           4                           1
7                                                        2                           6                           5                           1
8                                                        6                          16                           7                           6
9                                                        7                           6                           8                           1
10                                                       7                           6                           9                           1
11                                                       7                           6                          10                           1
12                                                      11                          15                          13                           6
13                                                      11                          15                          14                           6
14                                                      11                          15                          15                           6
15                                                      12                          15                          16                           6
16                                                      12                          15                          17                           6
17                                                      12                          15                          18                           6
18                                                      13                           6                          19                           1
19                                                      13                           6                          20                           1
20                                                      13                           6                          21                           1
21                                                      14                           6                          22                           1
22                                                      14                           6                          23                           1
23                                                      14                           6                          24                           1
24                                                      15                           6                          25                           1
25                                                      15                           6                          26                           1
26                                                      15                           6                          27                           1
27                                                      16                           6                          28                           1
28                                                      16                           6                          29                           1
29                                                      16                           6                          30                           1
30                                                      17                           6                          31                           1
31                                                      17                           6                          32                           1
32                                                      17                           6                          33                           1
33                                                      18                           6                          34                           1
34                                                      18                           6                          35                           1
35                                                      18                           6                          36                           1
   &BondOrders [&Type "ArrayOfDoubles", &Dim (36,1)] "The bond orders"
                                                         0

0                                      7.3571708654335288e-01
1                                      7.3508766044619978e-01
2                                      7.9645610806785205e-01
3                                      7.9626049419166556e-01
4                                      9.9741187756943028e-01
5                                      9.5752091261814942e-01
6                                      9.6006274805116276e-01
7                                      9.6509050109032846e-01
8                                      9.9730296657992457e-01
9                                      9.5749509482204898e-01
10                                     9.6504888358293828e-01
11                                     9.6009075009741918e-01
12                                     1.0240750896266497e+00
13                                     1.0021951499761446e+00
14                                     1.0198075777506164e+00
15                                     1.0241266782885687e+00
16                                     1.0198317889790394e+00
17                                     1.0022259758332528e+00
18                                     9.4584700426546009e-01
19                                     9.5682806713908941e-01
20                                     9.4830045550284159e-01
21                                     9.4414847664635060e-01
22                                     9.6201346247564934e-01
23                                     9.5698457539188797e-01
24                                     9.4644612562849484e-01
25                                     9.4935845431407828e-01
26                                     9.5811020189659923e-01
27                                     9.4584965788509456e-01
28                                     9.4829174736835986e-01
29                                     9.5682704337560776e-01
30                                     9.4647571835346667e-01
31                                     9.5812362439879051e-01
32                                     9.4937754000147379e-01
33                                     9.4416916383014737e-01
34                                     9.5693482390167917e-01
35                                     9.6204698092360219e-01
   &ATNO [&Type "ArrayOfIntegers", &Dim (37,1)] "Atomic number of the elements"
                                                         0

0                                                       28
1                                                       16
2                                                        6
3                                                        1
4                                                        1
5                                                        1
6                                                       16
7                                                        6
8                                                        1
9                                                        1
10                                                       1
11                                                      15
12                                                      15
13                                                       6
14                                                       6
15                                                       6
16                                                       6
17                                                       6
18                                                       6
19                                                       1
20                                                       1
21                                                       1
22                                                       1
23                                                       1
24                                                       1
25                                                       1
26                                                       1
27                                                       1
28                                                       1
29                                                       1
30                                                       1
31                                                       1
32                                                       1
33                                                       1
34                                                       1
35                                                       1
36                                                       1
   &NA [&Type "ArrayOfDoubles", &Dim (37,1)] "Mulliken gross atomic population"
                                                         0

0                                      2.7942427920631211e+01
1                                      1.6419229956959608e+01
2                                      6.1728857352545905e+00
3                                      9.2079125498701564e-01
4                                      9.2693899285265924e-01
5                                      9.2408579418924275e-01
6                                      1.6419505298048087e+01
7                                      6.1731227053506927e+00
8                                      9.2083853198981869e-01
9                                      9.2408992736506768e-01
10                                     9.2671289808993795e-01
11                                     1.4839325469466749e+01
12                                     1.4839086423018216e+01
13                                     6.2048227793159887e+00
14                                     6.1944774720648024e+00
15                                     6.1915705249482826e+00
16                                     6.2048121482108645e+00
17                                     6.1917039211372158e+00
18                                     6.1946380103351597e+00
19                                     9.1827423074781256e-01
20                                     9.0133232568103783e-01
21                                     9.1647735780012618e-01
22                                     9.2140865823861151e-01
23                                     9.1983921653713729e-01
24                                     9.1629604130280429e-01
25                                     9.1718068475328485e-01
26                                     9.1909470914748592e-01
27                                     9.0450503998341603e-01
28                                     9.1825239933563974e-01
29                                     9.1653742170248531e-01
30                                     9.0134844998012920e-01
31                                     9.1721917156170396e-01
32                                     9.0446710850638112e-01
33                                     9.1913952265576515e-01
34                                     9.2143002856017608e-01
35                                     9.1635460916471390e-01
36                                     9.1977726012625982e-01
   &ZA [&Type "ArrayOfDoubles", &Dim (37,1)] "Total nuclear charge"
                                                         0

0                                      2.8000000000000000e+01
1                                      1.6000000000000000e+01
2                                      6.0000000000000000e+00
3                                      1.0000000000000000e+00
4                                      1.0000000000000000e+00
5                                      1.0000000000000000e+00
6                                      1.6000000000000000e+01
7                                      6.0000000000000000e+00
8                                      1.0000000000000000e+00
9                                      1.0000000000000000e+00
10                                     1.0000000000000000e+00
11                                     1.5000000000000000e+01
12                                     1.5000000000000000e+01
13                                     6.0000000000000000e+00
14                                     6.0000000000000000e+00
15                                     6.0000000000000000e+00
16                                     6.0000000000000000e+00
17                                     6.0000000000000000e+00
18                                     6.0000000000000000e+00
19                                     1.0000000000000000e+00
20                                     1.0000000000000000e+00
21                                     1.0000000000000000e+00
22                                     1.0000000000000000e+00
23                                     1.0000000000000000e+00
24                                     1.0000000000000000e+00
25                                     1.0000000000000000e+00
26                                     1.0000000000000000e+00
27                                     1.0000000000000000e+00
28                                     1.0000000000000000e+00
29                                     1.0000000000000000e+00
30                                     1.0000000000000000e+00
31                                     1.0000000000000000e+00
32                                     1.0000000000000000e+00
33                                     1.0000000000000000e+00
34                                     1.0000000000000000e+00
35                                     1.0000000000000000e+00
36                                     1.0000000000000000e+00
   &QA [&Type "ArrayOfDoubles", &Dim (37,1)] "Mulliken gross atomic charge"
                                                         0

0                                      5.7572079368789275e-02
1                                     -4.1922995695960807e-01
2                                     -1.7288573525459050e-01
3                                      7.9208745012984361e-02
4                                      7.3061007147340762e-02
5                                      7.5914205810757251e-02
6                                     -4.1950529804808667e-01
7                                     -1.7312270535069274e-01
8                                      7.9161468010181313e-02
9                                      7.5910072634932324e-02
10                                     7.3287101910062047e-02
11                                     1.6067453053325131e-01
12                                     1.6091357698178399e-01
13                                    -2.0482277931598869e-01
14                                    -1.9447747206480237e-01
15                                    -1.9157052494828264e-01
16                                    -2.0481214821086446e-01
17                                    -1.9170392113721579e-01
18                                    -1.9463801033515971e-01
19                                     8.1725769252187441e-02
20                                     9.8667674318962173e-02
21                                     8.3522642199873820e-02
22                                     7.8591341761388489e-02
23                                     8.0160783462862706e-02
24                                     8.3703958697195713e-02
25                                     8.2819315246715153e-02
26                                     8.0905290852514078e-02
27                                     9.5494960016583974e-02
28                                     8.1747600664360265e-02
29                                     8.3462578297514689e-02
30                                     9.8651550019870804e-02
31                                     8.2780828438296039e-02
32                                     9.5532891493618877e-02
33                                     8.0860477344234849e-02
34                                     7.8569971439823916e-02
35                                     8.3645390835286104e-02
36                                     8.0222739873740179e-02
   &VA [&Type "ArrayOfDoubles", &Dim (37,1)] "Mayer's total valence"
                                                         0

0                                      3.3128595503632461e+00
1                                      2.0050597133353731e+00
2                                      3.9339539887555022e+00
3                                      9.7522584221140529e-01
4                                      9.7851511738452934e-01
5                                      9.7894209623699613e-01
6                                      2.0044355309838204e+00
7                                      3.9339593707409124e+00
8                                      9.7530268004201559e-01
9                                      9.7897224952005857e-01
10                                     9.7847194389482417e-01
11                                     4.1081971050576742e+00
12                                     4.1079910350698796e+00
13                                     3.8878461666620572e+00
14                                     3.8794956728847474e+00
15                                     3.8781672043416631e+00
16                                     3.8878265977544730e+00
17                                     3.8782291240446085e+00
18                                     3.8795299787492934e+00
19                                     9.8766352958560033e-01
20                                     9.8022827536359813e-01
21                                     1.0172090142328063e+00
22                                     9.8661926496623276e-01
23                                     1.0054810599873667e+00
24                                     1.0001277520379199e+00
25                                     9.8745844448816977e-01
26                                     1.0144788297181999e+00
27                                     9.8850863584604698e-01
28                                     9.8766345533751432e-01
29                                     1.0172509377844889e+00
30                                     9.8022834107500334e-01
31                                     9.8745898281635680e-01
32                                     9.8831317575904321e-01
33                                     1.0145545235608755e+00
34                                     9.8664081558011951e-01
35                                     1.0003492154494018e+00
36                                     1.0053205519112736e+00
   &BVA [&Type "ArrayOfDoubles", &Dim (37,1)] "Mayer's bonded valence"
                                                         0

0                                      3.3128595503632781e+00
1                                      2.0050597133354060e+00
2                                      3.9339539887554933e+00
3                                      9.7522584221140818e-01
4                                      9.7851511738453067e-01
5                                      9.7894209623700013e-01
6                                      2.0044355309839261e+00
7                                      3.9339593707409239e+00
8                                      9.7530268004201737e-01
9                                      9.7897224952005901e-01
10                                     9.7847194389482628e-01
11                                     4.1081971050576254e+00
12                                     4.1079910350699471e+00
13                                     3.8878461666620741e+00
14                                     3.8794956728847709e+00
15                                     3.8781672043416684e+00
16                                     3.8878265977545219e+00
17                                     3.8782291240446214e+00
18                                     3.8795299787493218e+00
19                                     9.8766352958559844e-01
20                                     9.8022827536359680e-01
21                                     1.0172090142328118e+00
22                                     9.8661926496623831e-01
23                                     1.0054810599873740e+00
24                                     1.0001277520379208e+00
25                                     9.8745844448816777e-01
26                                     1.0144788297182010e+00
27                                     9.8850863584604354e-01
28                                     9.8766345533751498e-01
29                                     1.0172509377844923e+00
30                                     9.8022834107500867e-01
31                                     9.8745898281635880e-01
32                                     9.8831317575904554e-01
33                                     1.0145545235608724e+00
34                                     9.8664081558012129e-01
35                                     1.0003492154493989e+00
36                                     1.0053205519112836e+00
   &FA [&Type "ArrayOfDoubles", &Dim (37,1)] "Mayer's free valence"
                                                         0

0                                      0.0000000000000000e+00
1                                      0.0000000000000000e+00
2                                      0.0000000000000000e+00
3                                      0.0000000000000000e+00
4                                      0.0000000000000000e+00
5                                      0.0000000000000000e+00
6                                      0.0000000000000000e+00
7                                      0.0000000000000000e+00
8                                      0.0000000000000000e+00
9                                      0.0000000000000000e+00
10                                     0.0000000000000000e+00
11                                     0.0000000000000000e+00
12                                     0.0000000000000000e+00
13                                     0.0000000000000000e+00
14                                     0.0000000000000000e+00
15                                     0.0000000000000000e+00
16                                     0.0000000000000000e+00
17                                     0.0000000000000000e+00
18                                     0.0000000000000000e+00
19                                     0.0000000000000000e+00
20                                     0.0000000000000000e+00
21                                     0.0000000000000000e+00
22                                     0.0000000000000000e+00
23                                     0.0000000000000000e+00
24                                     0.0000000000000000e+00
25                                     0.0000000000000000e+00
26                                     0.0000000000000000e+00
27                                     0.0000000000000000e+00
28                                     0.0000000000000000e+00
29                                     0.0000000000000000e+00
30                                     0.0000000000000000e+00
31                                     0.0000000000000000e+00
32                                     0.0000000000000000e+00
33                                     0.0000000000000000e+00
34                                     0.0000000000000000e+00
35                                     0.0000000000000000e+00
36                                     0.0000000000000000e+00
   &Method [&Type "String"] "SCF"
   &Level [&Type "String"] "Relaxed density"
   &Mult [&Type "Integer"] 1
   &State [&Type "Integer"] -1
   &Irrep [&Type "Integer"] 0
$End
$SCF_Energy
   &GeometryIndex 1
   &Method [&Type "String"] "SCF"
   &totalEnergy [&Type "ArrayOfDoubles", &Dim (1,1)] "Total energy of each state"
                                                         0

0                                     -3.3047845194616707e+03
   &Mult [&Type "ArrayOfIntegers", &Dim (1,1)] "Multiplicity of each state"
                                                         0

0                                                        1
$End
$DFT_Energy
   &GeometryIndex 1
   &nAlphaEl [&Type "Integer"] 81
   &nBetaEl [&Type "Integer"] 81
   &nTotalEl [&Type "Integer"] 161
   &finalEn [&Type "Double"]      -3.3047845194616707e+03  "No Van der Waals correction"
   &eExchange [&Type "Double"]      -1.5455083343321300e+02
   &eCorr [&Type "Double"]      -6.0666423657809556e+00
   &eXC [&Type "Double"]      -1.6061747579899395e+02
   &eCNL [&Type "Double"]       0.0000000000000000e+00
$End
$Solvation_Details
   &GeometryIndex 1
   &Solvent [&Type "String"] "ACETONITRILE"
   &Epsilon [&Type "Double"]       3.6762999999999998e+01
   &Refrac [&Type "Double"]       1.3442000000000001e+00
   &RSolv [&Type "Double"]       1.3000000000000000e+00
   &SurfaceType [&Type "String"] "GAUSSIAN VDW"
   &CPCMDielEnergy [&Type "Double"]      -1.7305107000000000e-02
   &NPoints [&Type "Integer"] 3070
   &SurfaceArea [&Type "Double"]       1.1306407922070000e+03
$End
$SCF_Timings
   &GeometryIndex 1
   &TOTAL [&Type "Double"]       2.9058182000000002e+01
   &PREP [&Type "Double"]       6.4792200000000000e-01
   &FOCK [&Type "Double"]       2.6842402999999997e+01
   &DENS [&Type "Double"]       7.8478999999997967e-02
   &ETOT [&Type "Double"]       3.9698000000003120e-02
   &POP [&Type "Double"]       7.0434999999999803e-02
   &TRAFO [&Type "Double"]       6.1853000000000158e-02
   &DIIS [&Type "Double"]       3.7258100000000027e-01
   &SOSCF [&Type "Double"]       1.8521199999999816e-01
   &XC [&Type "Double"]       2.4352199999999944e+00
   &FOCKSTART [&Type "Double"]       1.0906000000001637e-02
   &SOLV [&Type "Double"]       4.7731649999999970e+00
   &SOLV_INIT [&Type "Double"]       3.8749100000000003e-01
   &INT_PREP [&Type "Double"]       3.9999999987827550e-06
   &INT_BF [&Type "Double"]       8.3257100000013473e-01
   &INT_DENS [&Type "Double"]       5.9867700000001456e-01
   &INT_DENSIO [&Type "Double"]       4.8337409229000048e+04
   &INT_FUNC [&Type "Double"]       1.0705700000004459e-01
   &INT_POT [&Type "Double"]       5.2752600000000438e-01
   &INT_POTIO [&Type "Double"]       1.7994999999840111e-02
   &INT_SUM [&Type "Double"]       5.4200000000781401e-04
   &SPLITRIJ [&Type "Double"]       2.4315139999999991e+00
   &COSX [&Type "Double"]       1.8394534000000000e+01
$End
$VdW_Correction
   &GeometryIndex 1
   &vdW [&Type "Double"]      -5.1759761817818689e-02
$End
$Single_Point_Data
   &GeometryIndex 1
   &FinalEnergy [&Type "Double"]      -3.3048362792234884e+03  "Final single point energy"
   &Converged [&Type "Boolean"] true
$End
$Calculation_Info
   &GeometryIndex 1
   &Mult [&Type "Integer"] 1
   &Charge [&Type "Integer"] 0
   &NumOfAtoms [&Type "Integer"] 37
   &NumOfElectrons [&Type "Integer"] 162
   &NumOfBasisFuncts [&Type "Integer"] 335
   &NumOfAuxCBasisFuncts [&Type "Integer"] 0
   &NumOfAuxJBasisFuncts [&Type "Integer"] 949
   &NumOfAuxJKBasisFuncts [&Type "Integer"] 0
   &NumOfCABSBasisFuncts [&Type "Integer"] 0
$End
$SCF_Dipole_Moment
   &GeometryIndex 1
   &dipoleMagnitude [&Type "Double", &Units "a.u."]       3.4970895875290516e-03
   &dipoleElecContrib [&Type "ArrayOfDoubles", &Dim (3,1)] "Electronic contribution"
                                                         0

0                                     -6.3272188826732044e-03
1                                     -3.0204529942966462e-03
2                                     -9.0139651141150148e-03
   &dipoleNucContrib [&Type "ArrayOfDoubles", &Dim (3,1)] "Nuclear contribution"
                                                         0

0                                      9.8078078715486683e-03
1                                      3.0751663884958091e-03
2                                      8.6790885424976594e-03
   &dipoleTotal [&Type "ArrayOfDoubles", &Dim (3,1)] "Total"
                                                         0

0                                      3.4805889888754639e-03
1                                      5.4713394199162966e-05
2                                     -3.3487657161735546e-04
   &doAtomicDipole [&Type "Boolean"] false
   &Method [&Type "String"] "SCF"
   &Level [&Type "String"] "Relaxed density"
   &Mult [&Type "Integer"] 1
   &State [&Type "Integer"] -1
   &Irrep [&Type "Integer"] 0
$End
$Calculation_Timings
   &GeometryIndex 1
   &GTOINT [&Type "Double"]       2.2274010000000000e+00
   &SCF [&Type "Double"]       3.0948138999999998e+01
   &PROP [&Type "Double"]       3.5170800000000213e-01
   &SUM [&Type "Double"]       3.3527248000000000e+01
$End
