*************************************************
******************* ORCA 6.1.1 ******************
*************************************************
$Calculation_Status
   &GeometryIndex 1
   &version [&Type "String"] "6.1.1"
   &progName [&Type "String"] "LeanSCF"
   &Status [&Type "String"] "NORMAL TERMINATION"
$End
$Geometry
   &GeometryIndex 1
   &NAtoms [&Type "Integer"] 37
   &NCorelessECP [&Type "Integer"] 0
   &NGhostAtoms [&Type "Integer"] 0
   &CartesianCoordinates [&Type "Coordinates", &Dim(37,4), &Units "Bohr"] 
              Ni    -0.000308025360   -0.000258892480   -0.000978878137
              S      3.024387624595   -0.033945150544    2.959696629852
              C      5.607442938695   -1.130882038405    0.975578675541
              H      5.208637025118   -2.986897347824    0.121571751374
              H      6.014707266447    0.209493149480   -0.561475428911
              H      7.320732902396   -1.314935694671    2.141590722776
              S     -3.030381835891    0.034351441662   -2.958566573624
              C     -5.604434494689    1.134478187238   -0.964068353660
              H     -5.203808774846    2.994516723596   -0.119695253323
              H     -7.325158641002    1.311143014320   -2.120284060616
              H     -6.000305663580   -0.200764504468    0.580378359428
              P      0.554237777818    4.146418185789   -0.216120419032
              P     -0.554666745650   -4.147518006399    0.212531829104
              C      3.803043608898    5.156244368055   -0.808831131210
              C     -1.158318972144    6.025301071153   -2.558568242857
              C     -0.252189621750    5.718107190823    2.752849096959
              C     -3.802125201997   -5.156516488618    0.813646153400
              C      0.242848705470   -5.717330513382   -2.759912893248
              C      1.163976812189   -6.028963360401    2.548378839543
              H      3.921958405328    7.232089628906   -0.771312508547
              H      4.413736954967    4.467187858665   -2.672210703372
              H      5.025658623023    4.346347431305    0.659021202218
              H     -0.664711167607    8.034697891958   -2.343298200585
              H     -3.205971408803    5.783565414376   -2.326678059237
              H     -0.642627828006    5.374475611179   -4.461320259019
              H      0.129775052521    7.759005746280    2.631689305883
              H      0.880674739370    4.875589801550    4.275717027324
              H     -2.268215601832    5.416066593660    3.159992482239
              H     -3.922317453293   -7.232220020010    0.772504925738
              H     -5.028600926613   -4.342983718787   -0.648977307816
              H     -4.407045434727   -4.470638498586    2.680056846280
              H     -0.139567613347   -7.758210171577   -2.639679067977
              H      2.257653922470   -5.415594162127   -3.173065607633
              H     -0.894928943598   -4.873291894571   -4.278304062401
              H      0.667020412942   -8.037685548975    2.334431605565
              H      0.656222517813   -5.378007509323    4.453175539382
              H      3.211111463887   -5.790275831878    2.308710543156
$End
$SCF_Mulliken_Population_Analysis
   &GeometryIndex 1
   &NAtoms [&Type "Integer"] 37
   &ATNO [&Type "ArrayOfIntegers", &Dim (37,1)] 
                                                         0

0                                                       28
1                                                       16
2                                                        6
3                                                        1
4                                                        1
5                                                        1
6                                                       16
7                                                        6
8                                                        1
9                                                        1
10                                                       1
11                                                      15
12                                                      15
13                                                       6
14                                                       6
15                                                       6
16                                                       6
17                                                       6
18                                                       6
19                                                       1
20                                                       1
21                                                       1
22                                                       1
23                                                       1
24                                                       1
25                                                       1
26                                                       1
27                                                       1
28                                                       1
29                                                       1
30                                                       1
31                                                       1
32                                                       1
33                                                       1
34                                                       1
35                                                       1
36                                                       1
   &AtomicCharges [&Type "ArrayOfDoubles", &Dim (37,1)] 
                                                         0

0                                     -1.1855765575141675e-03
1                                     -5.0342735539260275e-01
2                                     -3.7386104114385432e-01
3                                      1.3529328406757180e-01
4                                      1.5177754789219433e-01
5                                      1.5078207819110956e-01
6                                     -5.0373278804226729e-01
7                                     -3.7379977186400382e-01
8                                      1.3520113489797103e-01
9                                      1.5082134466166608e-01
10                                     1.5201363311022442e-01
11                                     3.6414726649340956e-01
12                                     3.6414578977999135e-01
13                                    -4.6999353785428255e-01
14                                    -4.4786053363241418e-01
15                                    -4.3925204591967848e-01
16                                    -4.6987263259335688e-01
17                                    -4.3940717048034106e-01
18                                    -4.4797026810624097e-01
19                                     1.6326739969670734e-01
20                                     1.6468054330409110e-01
21                                     1.5990684407471356e-01
22                                     1.5879774921189638e-01
23                                     1.5906650557684976e-01
24                                     1.5411488812511320e-01
25                                     1.5737688161586516e-01
26                                     1.5397640306089344e-01
27                                     1.6198363334779797e-01
28                                     1.6324842225548353e-01
29                                     1.5990744827726511e-01
30                                     1.6465930182551825e-01
31                                     1.5735916736095668e-01
32                                     1.6196531903815381e-01
33                                     1.5396901074394209e-01
34                                     1.5881821268229035e-01
35                                     1.5406957362809126e-01
36                                     1.5901333866674605e-01
   &Method [&Type "String"] "SCF"
   &Level [&Type "String"] "Relaxed density"
   &Mult [&Type "Integer"] 1
   &State [&Type "Integer"] -1
   &Irrep [&Type "Integer"] 0
$End
$SCF_Loewdin_Population_Analysis
   &GeometryIndex 1
   &NAtoms [&Type "Integer"] 37
   &ATNO [&Type "ArrayOfIntegers", &Dim (37,1)] 
                                                         0

0                                                       28
1                                                       16
2                                                        6
3                                                        1
4                                                        1
5                                                        1
6                                                       16
7                                                        6
8                                                        1
9                                                        1
10                                                       1
11                                                      15
12                                                      15
13                                                       6
14                                                       6
15                                                       6
16                                                       6
17                                                       6
18                                                       6
19                                                       1
20                                                       1
21                                                       1
22                                                       1
23                                                       1
24                                                       1
25                                                       1
26                                                       1
27                                                       1
28                                                       1
29                                                       1
30                                                       1
31                                                       1
32                                                       1
33                                                       1
34                                                       1
35                                                       1
36                                                       1
   &AtomicCharges [&Type "ArrayOfDoubles", &Dim (37,1)] 
                                                         0

0                                     -8.7909052658102027e-01
1                                      1.9874276564415894e-01
2                                     -5.5913185275777444e-01
3                                      1.0259087762582175e-01
4                                      1.0606161160613770e-01
5                                      1.1083171586760410e-01
6                                      1.9820428450088023e-01
7                                     -5.5906537423065039e-01
8                                      1.0255590108563895e-01
9                                      1.1080901607923999e-01
10                                     1.0618183423520000e-01
11                                     6.6359875411192526e-01
12                                     6.6361873197173438e-01
13                                    -4.3994198322839928e-01
14                                    -4.5056283191217972e-01
15                                    -4.3832298283144056e-01
16                                    -4.3993030968620861e-01
17                                    -4.3838605718212964e-01
18                                    -4.5053021914627855e-01
19                                     1.2817264348464519e-01
20                                     1.3144667959627743e-01
21                                     1.2584826405154359e-01
22                                     1.2609793581643625e-01
23                                     1.2611457983664132e-01
24                                     1.2706720922129566e-01
25                                     1.2748499290687332e-01
26                                     1.2353918865730074e-01
27                                     1.3015093470049721e-01
28                                     1.2817617935039127e-01
29                                     1.2585109998044242e-01
30                                     1.3144518147323159e-01
31                                     1.2746422447371097e-01
32                                     1.3016693829476789e-01
33                                     1.2350516641308884e-01
34                                     1.2611171183433978e-01
35                                     1.2699818958410791e-01
36                                     1.2612552515206288e-01
   &Method [&Type "String"] "SCF"
   &Level [&Type "String"] "Relaxed density"
   &Mult [&Type "Integer"] 1
   &State [&Type "Integer"] -1
   &Irrep [&Type "Integer"] 0
$End
$SCF_Mayer_Population_Analysis
   &GeometryIndex 1
   &NAtoms [&Type "Integer"] 37 "Total number of atoms"
   &NBondOrdersPrint [&Type "Integer"] 36 "The number of bond orders larger than threshold"
   &bondThresh [&Type "Double"]       1.0000000000000001e-01  "The threshold for printing"
   &components [&Type "ArrayOfIntegers", &Dim (36,4)] "The indices and atomic numbers of the bonding atoms"
                                                         0                           1                           2                           3

0                                                        0                          28                           1                          16
1                                                        0                          28                           6                          16
2                                                        0                          28                          11                          15
3                                                        0                          28                          12                          15
4                                                        1                          16                           2                           6
5                                                        2                           6                           3                           1
6                                                        2                           6                           4                           1
7                                                        2                           6                           5                           1
8                                                        6                          16                           7                           6
9                                                        7                           6                           8                           1
10                                                       7                           6                           9                           1
11                                                       7                           6                          10                           1
12                                                      11                          15                          13                           6
13                                                      11                          15                          14                           6
14                                                      11                          15                          15                           6
15                                                      12                          15                          16                           6
16                                                      12                          15                          17                           6
17                                                      12                          15                          18                           6
18                                                      13                           6                          19                           1
19                                                      13                           6                          20                           1
20                                                      13                           6                          21                           1
21                                                      14                           6                          22                           1
22                                                      14                           6                          23                           1
23                                                      14                           6                          24                           1
24                                                      15                           6                          25                           1
25                                                      15                           6                          26                           1
26                                                      15                           6                          27                           1
27                                                      16                           6                          28                           1
28                                                      16                           6                          29                           1
29                                                      16                           6                          30                           1
30                                                      17                           6                          31                           1
31                                                      17                           6                          32                           1
32                                                      17                           6                          33                           1
33                                                      18                           6                          34                           1
34                                                      18                           6                          35                           1
35                                                      18                           6                          36                           1
   &BondOrders [&Type "ArrayOfDoubles", &Dim (36,1)] "The bond orders"
                                                         0

0                                      7.3353453437181904e-01
1                                      7.3319414642764524e-01
2                                      7.6160718671024363e-01
3                                      7.6142063293525797e-01
4                                      1.0222049658788990e+00
5                                      9.5214698011681898e-01
6                                      9.5936420246846243e-01
7                                      9.5073458449623871e-01
8                                      1.0217911558636308e+00
9                                      9.5203679596201729e-01
10                                     9.5071717452114590e-01
11                                     9.5940877348282161e-01
12                                     1.0085903701840855e+00
13                                     9.8415172035229093e-01
14                                     1.0044425121223384e+00
15                                     1.0087204627645594e+00
16                                     1.0043243320500963e+00
17                                     9.8418152597752129e-01
18                                     9.4234166216930171e-01
19                                     9.4473020516594997e-01
20                                     9.3918194569083446e-01
21                                     9.3726448999555567e-01
22                                     9.4832356503196380e-01
23                                     9.4613517738913910e-01
24                                     9.4265600415372086e-01
25                                     9.3927339685073952e-01
26                                     9.4410159640561619e-01
27                                     9.4234927432353888e-01
28                                     9.3915310615260827e-01
29                                     9.4469573036206922e-01
30                                     9.4268351123630967e-01
31                                     9.4411552321499870e-01
32                                     9.3926756507947240e-01
33                                     9.3728724353196602e-01
34                                     9.4610793357954170e-01
35                                     9.4834949749401443e-01
   &ATNO [&Type "ArrayOfIntegers", &Dim (37,1)] "Atomic number of the elements"
                                                         0

0                                                       28
1                                                       16
2                                                        6
3                                                        1
4                                                        1
5                                                        1
6                                                       16
7                                                        6
8                                                        1
9                                                        1
10                                                       1
11                                                      15
12                                                      15
13                                                       6
14                                                       6
15                                                       6
16                                                       6
17                                                       6
18                                                       6
19                                                       1
20                                                       1
21                                                       1
22                                                       1
23                                                       1
24                                                       1
25                                                       1
26                                                       1
27                                                       1
28                                                       1
29                                                       1
30                                                       1
31                                                       1
32                                                       1
33                                                       1
34                                                       1
35                                                       1
36                                                       1
   &NA [&Type "ArrayOfDoubles", &Dim (37,1)] "Mulliken gross atomic population"
                                                         0

0                                      2.8001185576557553e+01
1                                      1.6503427355392610e+01
2                                      6.3738610411438525e+00
3                                      8.6470671593242721e-01
4                                      8.4822245210780534e-01
5                                      8.4921792180889100e-01
6                                      1.6503732788042278e+01
7                                      6.3737997718639994e+00
8                                      8.6479886510202908e-01
9                                      8.4917865533833325e-01
10                                     8.4798636688977547e-01
11                                     1.4635852733506564e+01
12                                     1.4635854210219991e+01
13                                     6.4699935378542852e+00
14                                     6.4478605336324133e+00
15                                     6.4392520459196785e+00
16                                     6.4698726325933569e+00
17                                     6.4394071704803411e+00
18                                     6.4479702681062436e+00
19                                     8.3673260030329233e-01
20                                     8.3531945669590868e-01
21                                     8.4009315592528622e-01
22                                     8.4120225078810340e-01
23                                     8.4093349442315057e-01
24                                     8.4588511187488669e-01
25                                     8.4262311838413495e-01
26                                     8.4602359693910656e-01
27                                     8.3801636665220247e-01
28                                     8.3675157774451647e-01
29                                     8.4009255172273511e-01
30                                     8.3534069817448142e-01
31                                     8.4264083263904277e-01
32                                     8.3803468096184630e-01
33                                     8.4603098925605791e-01
34                                     8.4118178731770943e-01
35                                     8.4593042637190863e-01
36                                     8.4098666133325373e-01
   &ZA [&Type "ArrayOfDoubles", &Dim (37,1)] "Total nuclear charge"
                                                         0

0                                      2.8000000000000000e+01
1                                      1.6000000000000000e+01
2                                      6.0000000000000000e+00
3                                      1.0000000000000000e+00
4                                      1.0000000000000000e+00
5                                      1.0000000000000000e+00
6                                      1.6000000000000000e+01
7                                      6.0000000000000000e+00
8                                      1.0000000000000000e+00
9                                      1.0000000000000000e+00
10                                     1.0000000000000000e+00
11                                     1.5000000000000000e+01
12                                     1.5000000000000000e+01
13                                     6.0000000000000000e+00
14                                     6.0000000000000000e+00
15                                     6.0000000000000000e+00
16                                     6.0000000000000000e+00
17                                     6.0000000000000000e+00
18                                     6.0000000000000000e+00
19                                     1.0000000000000000e+00
20                                     1.0000000000000000e+00
21                                     1.0000000000000000e+00
22                                     1.0000000000000000e+00
23                                     1.0000000000000000e+00
24                                     1.0000000000000000e+00
25                                     1.0000000000000000e+00
26                                     1.0000000000000000e+00
27                                     1.0000000000000000e+00
28                                     1.0000000000000000e+00
29                                     1.0000000000000000e+00
30                                     1.0000000000000000e+00
31                                     1.0000000000000000e+00
32                                     1.0000000000000000e+00
33                                     1.0000000000000000e+00
34                                     1.0000000000000000e+00
35                                     1.0000000000000000e+00
36                                     1.0000000000000000e+00
   &QA [&Type "ArrayOfDoubles", &Dim (37,1)] "Mulliken gross atomic charge"
                                                         0

0                                     -1.1855765575532473e-03
1                                     -5.0342735539260985e-01
2                                     -3.7386104114385255e-01
3                                      1.3529328406757279e-01
4                                      1.5177754789219466e-01
5                                      1.5078207819110900e-01
6                                     -5.0373278804227795e-01
7                                     -3.7379977186399937e-01
8                                      1.3520113489797092e-01
9                                      1.5082134466166675e-01
10                                     1.5201363311022453e-01
11                                     3.6414726649343621e-01
12                                     3.6414578978000911e-01
13                                    -4.6999353785428521e-01
14                                    -4.4786053363241329e-01
15                                    -4.3925204591967848e-01
16                                    -4.6987263259335688e-01
17                                    -4.3940717048034106e-01
18                                    -4.4797026810624363e-01
19                                     1.6326739969670767e-01
20                                     1.6468054330409132e-01
21                                     1.5990684407471378e-01
22                                     1.5879774921189660e-01
23                                     1.5906650557684943e-01
24                                     1.5411488812511331e-01
25                                     1.5737688161586505e-01
26                                     1.5397640306089344e-01
27                                     1.6198363334779753e-01
28                                     1.6324842225548353e-01
29                                     1.5990744827726489e-01
30                                     1.6465930182551858e-01
31                                     1.5735916736095723e-01
32                                     1.6196531903815370e-01
33                                     1.5396901074394209e-01
34                                     1.5881821268229057e-01
35                                     1.5406957362809137e-01
36                                     1.5901333866674627e-01
   &VA [&Type "ArrayOfDoubles", &Dim (37,1)] "Mayer's total valence"
                                                         0

0                                      3.1367422846507438e+00
1                                      1.9903689746757713e+00
2                                      3.9098840989334507e+00
3                                      9.5915093551565911e-01
4                                      9.5437015961797267e-01
5                                      9.6073380125014052e-01
6                                      1.9897688327594576e+00
7                                      3.9094225809115368e+00
8                                      9.5911568736045905e-01
9                                      9.6076944047546098e-01
10                                     9.5438977133244229e-01
11                                     4.0725597429835840e+00
12                                     4.0723269945845386e+00
13                                     3.8485421025925506e+00
14                                     3.8327693084962089e+00
15                                     3.8331559070990893e+00
16                                     3.8486154416491329e+00
17                                     3.8330820062237465e+00
18                                     3.8327545773838896e+00
19                                     9.6800756630702378e-01
20                                     9.6494964269343242e-01
21                                     9.8651310307695472e-01
22                                     9.6758810957411434e-01
23                                     9.7020871929125374e-01
24                                     9.8260299969333709e-01
25                                     9.6880262059405720e-01
26                                     9.9066842219338080e-01
27                                     9.7064560946858325e-01
28                                     9.6803036960939481e-01
29                                     9.8655433612753651e-01
30                                     9.6497050131090478e-01
31                                     9.6880419330097856e-01
32                                     9.7063477259606501e-01
33                                     9.9066796709501881e-01
34                                     9.6759533243820084e-01
35                                     9.8279688608659499e-01
36                                     9.7013558585512283e-01
   &BVA [&Type "ArrayOfDoubles", &Dim (37,1)] "Mayer's bonded valence"
                                                         0

0                                      3.1367422846506621e+00
1                                      1.9903689746758175e+00
2                                      3.9098840989334454e+00
3                                      9.5915093551565112e-01
4                                      9.5437015961795801e-01
5                                      9.6073380125014118e-01
6                                      1.9897688327595304e+00
7                                      3.9094225809114769e+00
8                                      9.5911568736045083e-01
9                                      9.6076944047545798e-01
10                                     9.5438977133241976e-01
11                                     4.0725597429836711e+00
12                                     4.0723269945845004e+00
13                                     3.8485421025925621e+00
14                                     3.8327693084962715e+00
15                                     3.8331559070990862e+00
16                                     3.8486154416491196e+00
17                                     3.8330820062237141e+00
18                                     3.8327545773839509e+00
19                                     9.6800756630702323e-01
20                                     9.6494964269343930e-01
21                                     9.8651310307695539e-01
22                                     9.6758810957413510e-01
23                                     9.7020871929128305e-01
24                                     9.8260299969334475e-01
25                                     9.6880262059405908e-01
26                                     9.9066842219338125e-01
27                                     9.7064560946857803e-01
28                                     9.6803036960939037e-01
29                                     9.8655433612752175e-01
30                                     9.6497050131091233e-01
31                                     9.6880419330095968e-01
32                                     9.7063477259606668e-01
33                                     9.9066796709501737e-01
34                                     9.6759533243820628e-01
35                                     9.8279688608660554e-01
36                                     9.7013558585513493e-01
   &FA [&Type "ArrayOfDoubles", &Dim (37,1)] "Mayer's free valence"
                                                         0

0                                      0.0000000000000000e+00
1                                      0.0000000000000000e+00
2                                      0.0000000000000000e+00
3                                      0.0000000000000000e+00
4                                      0.0000000000000000e+00
5                                      0.0000000000000000e+00
6                                      0.0000000000000000e+00
7                                      0.0000000000000000e+00
8                                      0.0000000000000000e+00
9                                      0.0000000000000000e+00
10                                     0.0000000000000000e+00
11                                     0.0000000000000000e+00
12                                     0.0000000000000000e+00
13                                     0.0000000000000000e+00
14                                     0.0000000000000000e+00
15                                     0.0000000000000000e+00
16                                     0.0000000000000000e+00
17                                     0.0000000000000000e+00
18                                     0.0000000000000000e+00
19                                     0.0000000000000000e+00
20                                     0.0000000000000000e+00
21                                     0.0000000000000000e+00
22                                     0.0000000000000000e+00
23                                     0.0000000000000000e+00
24                                     0.0000000000000000e+00
25                                     0.0000000000000000e+00
26                                     0.0000000000000000e+00
27                                     0.0000000000000000e+00
28                                     0.0000000000000000e+00
29                                     0.0000000000000000e+00
30                                     0.0000000000000000e+00
31                                     0.0000000000000000e+00
32                                     0.0000000000000000e+00
33                                     0.0000000000000000e+00
34                                     0.0000000000000000e+00
35                                     0.0000000000000000e+00
36                                     0.0000000000000000e+00
   &Method [&Type "String"] "SCF"
   &Level [&Type "String"] "Relaxed density"
   &Mult [&Type "Integer"] 1
   &State [&Type "Integer"] -1
   &Irrep [&Type "Integer"] 0
$End
$SCF_Energy
   &GeometryIndex 1
   &Method [&Type "String"] "SCF"
   &totalEnergy [&Type "ArrayOfDoubles", &Dim (1,1)] "Total energy of each state"
                                                         0

0                                     -3.3058582100726512e+03
   &Mult [&Type "ArrayOfIntegers", &Dim (1,1)] "Multiplicity of each state"
                                                         0

0                                                        1
$End
$DFT_Energy
   &GeometryIndex 1
   &nAlphaEl [&Type "Integer"] 81
   &nBetaEl [&Type "Integer"] 81
   &nTotalEl [&Type "Integer"] 162
   &finalEn [&Type "Double"]      -3.3058582100726512e+03  "No Van der Waals correction"
   &eExchange [&Type "Double"]      -1.5467184399700926e+02
   &eCorr [&Type "Double"]      -6.0481888232785890e+00
   &eXC [&Type "Double"]      -1.6072003282028786e+02
   &eCNL [&Type "Double"]       0.0000000000000000e+00
$End
$Solvation_Details
   &GeometryIndex 1
   &Solvent [&Type "String"] "ACETONITRILE"
   &Epsilon [&Type "Double"]       3.6762999999999998e+01
   &Refrac [&Type "Double"]       1.3442000000000001e+00
   &RSolv [&Type "Double"]       1.3000000000000000e+00
   &SurfaceType [&Type "String"] "GAUSSIAN VDW"
   &CPCMDielEnergy [&Type "Double"]      -1.9464925000000001e-02
   &NPoints [&Type "Integer"] 3070
   &SurfaceArea [&Type "Double"]       1.1306407922070000e+03
$End
$SCF_Timings
   &GeometryIndex 1
   &TOTAL [&Type "Double"]       7.5421453000000000e+01
   &PREP [&Type "Double"]       7.3436000000000001e-01
   &FOCK [&Type "Double"]       6.9458136999999994e+01
   &DENS [&Type "Double"]       2.2514100000000070e-01
   &ETOT [&Type "Double"]       1.5951899999998354e-01
   &POP [&Type "Double"]       1.3172500000000298e-01
   &TRAFO [&Type "Double"]       2.1190899999999679e-01
   &DIIS [&Type "Double"]       1.0887849999999997e+00
   &SOSCF [&Type "Double"]       4.6192799999998613e-01
   &XC [&Type "Double"]       6.2590659999999980e+00
   &FOCKSTART [&Type "Double"]       5.1729999999994170e-02
   &SOLV [&Type "Double"]       8.5387430000000126e+00
   &SOLV_INIT [&Type "Double"]       3.8218799999999997e-01
   &INT_PREP [&Type "Double"]       9.9999999747524271e-07
   &INT_BF [&Type "Double"]       1.1577599999999011e+00
   &INT_DENS [&Type "Double"]       1.6508279999998825e+00
   &INT_DENSIO [&Type "Double"]       1.2979890703300017e+05
   &INT_FUNC [&Type "Double"]       8.8534999999751562e-02
   &INT_POT [&Type "Double"]       1.5308830000001628e+00
   &INT_POTIO [&Type "Double"]       2.0448999999930884e-02
   &INT_SUM [&Type "Double"]       6.8600000001683981e-04
   &SPLITRIJ [&Type "Double"]       6.1689189999999936e+00
   &COSX [&Type "Double"]       5.1514168999999988e+01
$End
$VdW_Correction
   &GeometryIndex 1
   &vdW [&Type "Double"]      -5.1759761817818689e-02
$End
$Single_Point_Data
   &GeometryIndex 1
   &FinalEnergy [&Type "Double"]      -3.3059099698344689e+03  "Final single point energy"
   &Converged [&Type "Boolean"] true
$End
$Calculation_Info
   &GeometryIndex 1
   &Mult [&Type "Integer"] 1
   &Charge [&Type "Integer"] 0
   &NumOfAtoms [&Type "Integer"] 37
   &NumOfElectrons [&Type "Integer"] 162
   &NumOfBasisFuncts [&Type "Integer"] 585
   &NumOfAuxCBasisFuncts [&Type "Integer"] 0
   &NumOfAuxJBasisFuncts [&Type "Integer"] 949
   &NumOfAuxJKBasisFuncts [&Type "Integer"] 0
   &NumOfCABSBasisFuncts [&Type "Integer"] 0
$End
$SCF_Dipole_Moment
   &GeometryIndex 1
   &dipoleMagnitude [&Type "Double", &Units "a.u."]       3.8127585810403507e-03
   &dipoleElecContrib [&Type "ArrayOfDoubles", &Dim (3,1)] "Electronic contribution"
                                                         0

0                                     -6.0041140352202023e-03
1                                     -3.1637712086335294e-03
2                                     -8.9264554412978540e-03
   &dipoleNucContrib [&Type "ArrayOfDoubles", &Dim (3,1)] "Nuclear contribution"
                                                         0

0                                      9.8078078715486683e-03
1                                      3.0751663884958091e-03
2                                      8.6790885424976594e-03
   &dipoleTotal [&Type "ArrayOfDoubles", &Dim (3,1)] "Total"
                                                         0

0                                      3.8036938363284660e-03
1                                     -8.8604820137720263e-05
2                                     -2.4736689880019459e-04
   &doAtomicDipole [&Type "Boolean"] false
   &Method [&Type "String"] "SCF"
   &Level [&Type "String"] "Relaxed density"
   &Mult [&Type "Integer"] 1
   &State [&Type "Integer"] -1
   &Irrep [&Type "Integer"] 0
$End
$Calculation_Timings
   &GeometryIndex 1
   &GTOINT [&Type "Double"]       2.8423650000000000e+00
   &SCF [&Type "Double"]       7.8023854999999998e+01
   &PROP [&Type "Double"]       4.4974899999999707e-01
   &SUM [&Type "Double"]       8.1315968999999996e+01
$End
