*************************************************
******************* ORCA 6.1.1 ******************
*************************************************
$Calculation_Status
   &GeometryIndex 1
   &version [&Type "String"] "6.1.1"
   &progName [&Type "String"] "LeanSCF"
   &Status [&Type "String"] "NORMAL TERMINATION"
$End
$Geometry
   &GeometryIndex 1
   &NAtoms [&Type "Integer"] 37
   &NCorelessECP [&Type "Integer"] 0
   &NGhostAtoms [&Type "Integer"] 0
   &CartesianCoordinates [&Type "Coordinates", &Dim(37,4), &Units "Bohr"] 
              Ni    -0.000308025360   -0.000258892480   -0.000978878137
              S      3.024387624595   -0.033945150544    2.959696629852
              C      5.607442938695   -1.130882038405    0.975578675541
              H      5.208637025118   -2.986897347824    0.121571751374
              H      6.014707266447    0.209493149480   -0.561475428911
              H      7.320732902396   -1.314935694671    2.141590722776
              S     -3.030381835891    0.034351441662   -2.958566573624
              C     -5.604434494689    1.134478187238   -0.964068353660
              H     -5.203808774846    2.994516723596   -0.119695253323
              H     -7.325158641002    1.311143014320   -2.120284060616
              H     -6.000305663580   -0.200764504468    0.580378359428
              P      0.554237777818    4.146418185789   -0.216120419032
              P     -0.554666745650   -4.147518006399    0.212531829104
              C      3.803043608898    5.156244368055   -0.808831131210
              C     -1.158318972144    6.025301071153   -2.558568242857
              C     -0.252189621750    5.718107190823    2.752849096959
              C     -3.802125201997   -5.156516488618    0.813646153400
              C      0.242848705470   -5.717330513382   -2.759912893248
              C      1.163976812189   -6.028963360401    2.548378839543
              H      3.921958405328    7.232089628906   -0.771312508547
              H      4.413736954967    4.467187858665   -2.672210703372
              H      5.025658623023    4.346347431305    0.659021202218
              H     -0.664711167607    8.034697891958   -2.343298200585
              H     -3.205971408803    5.783565414376   -2.326678059237
              H     -0.642627828006    5.374475611179   -4.461320259019
              H      0.129775052521    7.759005746280    2.631689305883
              H      0.880674739370    4.875589801550    4.275717027324
              H     -2.268215601832    5.416066593660    3.159992482239
              H     -3.922317453293   -7.232220020010    0.772504925738
              H     -5.028600926613   -4.342983718787   -0.648977307816
              H     -4.407045434727   -4.470638498586    2.680056846280
              H     -0.139567613347   -7.758210171577   -2.639679067977
              H      2.257653922470   -5.415594162127   -3.173065607633
              H     -0.894928943598   -4.873291894571   -4.278304062401
              H      0.667020412942   -8.037685548975    2.334431605565
              H      0.656222517813   -5.378007509323    4.453175539382
              H      3.211111463887   -5.790275831878    2.308710543156
$End
$SCF_Mulliken_Population_Analysis
   &GeometryIndex 1
   &NAtoms [&Type "Integer"] 37
   &ATNO [&Type "ArrayOfIntegers", &Dim (37,1)] 
                                                         0

0                                                       28
1                                                       16
2                                                        6
3                                                        1
4                                                        1
5                                                        1
6                                                       16
7                                                        6
8                                                        1
9                                                        1
10                                                       1
11                                                      15
12                                                      15
13                                                       6
14                                                       6
15                                                       6
16                                                       6
17                                                       6
18                                                       6
19                                                       1
20                                                       1
21                                                       1
22                                                       1
23                                                       1
24                                                       1
25                                                       1
26                                                       1
27                                                       1
28                                                       1
29                                                       1
30                                                       1
31                                                       1
32                                                       1
33                                                       1
34                                                       1
35                                                       1
36                                                       1
   &AtomicCharges [&Type "ArrayOfDoubles", &Dim (37,1)] 
                                                         0

0                                      5.7797473837947422e-02
1                                     -4.2754110199297912e-01
2                                     -1.1735989937455660e-01
3                                      6.7208793707719483e-02
4                                      6.0538521768151332e-02
5                                      6.0180308337661859e-02
6                                     -4.2776376599321253e-01
7                                     -1.1763296112571986e-01
8                                      6.7163965019849226e-02
9                                      6.0179315208326090e-02
10                                     6.0785187946636232e-02
11                                     1.1930018392878239e-01
12                                     1.1960293964879298e-01
13                                    -1.4801794546013802e-01
14                                    -1.3952420459393267e-01
15                                    -1.3211403768732044e-01
16                                    -1.4800965354115014e-01
17                                    -1.3227091126471180e-01
18                                    -1.3973421615883730e-01
19                                     6.6393824472271601e-02
20                                     8.3400992477329794e-02
21                                     6.8337954114170429e-02
22                                     6.3801308459102479e-02
23                                     6.5259714996948492e-02
24                                     6.8767998264786079e-02
25                                     6.7117119593700814e-02
26                                     6.5801116797330028e-02
27                                     7.9766110860331363e-02
28                                     6.6419033457411625e-02
29                                     6.8276228023568919e-02
30                                     8.3383634179578281e-02
31                                     6.7081520625274282e-02
32                                     7.9807828796971236e-02
33                                     6.5758700221229649e-02
34                                     6.3779200729194407e-02
35                                     6.8720739685001808e-02
36                                     6.5338982034376603e-02
   &Method [&Type "String"] "SCF"
   &Level [&Type "String"] "Relaxed density"
   &Mult [&Type "Integer"] 1
   &State [&Type "Integer"] -1
   &Irrep [&Type "Integer"] 0
$End
$SCF_Loewdin_Population_Analysis
   &GeometryIndex 1
   &NAtoms [&Type "Integer"] 37
   &ATNO [&Type "ArrayOfIntegers", &Dim (37,1)] 
                                                         0

0                                                       28
1                                                       16
2                                                        6
3                                                        1
4                                                        1
5                                                        1
6                                                       16
7                                                        6
8                                                        1
9                                                        1
10                                                       1
11                                                      15
12                                                      15
13                                                       6
14                                                       6
15                                                       6
16                                                       6
17                                                       6
18                                                       6
19                                                       1
20                                                       1
21                                                       1
22                                                       1
23                                                       1
24                                                       1
25                                                       1
26                                                       1
27                                                       1
28                                                       1
29                                                       1
30                                                       1
31                                                       1
32                                                       1
33                                                       1
34                                                       1
35                                                       1
36                                                       1
   &AtomicCharges [&Type "ArrayOfDoubles", &Dim (37,1)] 
                                                         0

0                                     -3.9582457659188108e-01
1                                     -9.9310853897346618e-02
2                                     -1.7575341233780772e-01
3                                      1.0841999638317112e-02
4                                      1.4893293185205159e-02
5                                      2.2380799034824927e-02
6                                     -9.9736357917009855e-02
7                                     -1.7578025407313458e-01
8                                      1.0775529116855642e-02
9                                      2.2373651647606629e-02
10                                     1.4950417689988615e-02
11                                     7.2774849812134867e-01
12                                     7.2773168426843426e-01
13                                    -1.9654013962500727e-01
14                                    -2.0309184650690515e-01
15                                    -1.9765909103939450e-01
16                                    -1.9655073445134086e-01
17                                    -1.9769634649028678e-01
18                                    -2.0309929392659054e-01
19                                     3.3729452889863398e-02
20                                     3.8303679011968850e-02
21                                     2.6781910887513805e-02
22                                     3.1372478404336435e-02
23                                     3.3383608338389048e-02
24                                     3.2468935778522834e-02
25                                     3.3682755682556742e-02
26                                     2.7155101470322518e-02
27                                     3.7851509152738605e-02
28                                     3.3732508667983163e-02
29                                     2.6763075869945530e-02
30                                     3.8310027051300710e-02
31                                     3.3667197045995301e-02
32                                     3.7865202932692688e-02
33                                     2.7093636683333200e-02
34                                     3.1383450309873884e-02
35                                     3.2372864570491489e-02
36                                     3.3429639406092670e-02
   &Method [&Type "String"] "SCF"
   &Level [&Type "String"] "Relaxed density"
   &Mult [&Type "Integer"] 1
   &State [&Type "Integer"] -1
   &Irrep [&Type "Integer"] 0
$End
$SCF_Mayer_Population_Analysis
   &GeometryIndex 1
   &NAtoms [&Type "Integer"] 37 "Total number of atoms"
   &NBondOrdersPrint [&Type "Integer"] 36 "The number of bond orders larger than threshold"
   &bondThresh [&Type "Double"]       1.0000000000000001e-01  "The threshold for printing"
   &components [&Type "ArrayOfIntegers", &Dim (36,4)] "The indices and atomic numbers of the bonding atoms"
                                                         0                           1                           2                           3

0                                                        0                          28                           1                          16
1                                                        0                          28                           6                          16
2                                                        0                          28                          11                          15
3                                                        0                          28                          12                          15
4                                                        1                          16                           2                           6
5                                                        2                           6                           3                           1
6                                                        2                           6                           4                           1
7                                                        2                           6                           5                           1
8                                                        6                          16                           7                           6
9                                                        7                           6                           8                           1
10                                                       7                           6                           9                           1
11                                                       7                           6                          10                           1
12                                                      11                          15                          13                           6
13                                                      11                          15                          14                           6
14                                                      11                          15                          15                           6
15                                                      12                          15                          16                           6
16                                                      12                          15                          17                           6
17                                                      12                          15                          18                           6
18                                                      13                           6                          19                           1
19                                                      13                           6                          20                           1
20                                                      13                           6                          21                           1
21                                                      14                           6                          22                           1
22                                                      14                           6                          23                           1
23                                                      14                           6                          24                           1
24                                                      15                           6                          25                           1
25                                                      15                           6                          26                           1
26                                                      15                           6                          27                           1
27                                                      16                           6                          28                           1
28                                                      16                           6                          29                           1
29                                                      16                           6                          30                           1
30                                                      17                           6                          31                           1
31                                                      17                           6                          32                           1
32                                                      17                           6                          33                           1
33                                                      18                           6                          34                           1
34                                                      18                           6                          35                           1
35                                                      18                           6                          36                           1
   &BondOrders [&Type "ArrayOfDoubles", &Dim (36,1)] "The bond orders"
                                                         0

0                                      7.3446362417466371e-01
1                                      7.3380492365501715e-01
2                                      8.1314114887082134e-01
3                                      8.1293388704506220e-01
4                                      9.8978793385364661e-01
5                                      9.5899131461045728e-01
6                                      9.6134208221841233e-01
7                                      9.6435635473674830e-01
8                                      9.8971153200573381e-01
9                                      9.5896567250300224e-01
10                                     9.6431092716196254e-01
11                                     9.6136842367002995e-01
12                                     1.0193969844618955e+00
13                                     9.9904854792794529e-01
14                                     1.0144384307910752e+00
15                                     1.0194495070134735e+00
16                                     1.0144908531279853e+00
17                                     9.9908579741419001e-01
18                                     9.4542225292477788e-01
19                                     9.5829194409133978e-01
20                                     9.4927911093183603e-01
21                                     9.4387539393404474e-01
22                                     9.6284140252616146e-01
23                                     9.5799536852975098e-01
24                                     9.4603158169856894e-01
25                                     9.5022923404558990e-01
26                                     9.5945681771596514e-01
27                                     9.4542407242016158e-01
28                                     9.4926930750366045e-01
29                                     9.5829154073209932e-01
30                                     9.4606195527308323e-01
31                                     9.5946990783819941e-01
32                                     9.5025015559425341e-01
33                                     9.4389504656854228e-01
34                                     9.5794796990730824e-01
35                                     9.6288174356537759e-01
   &ATNO [&Type "ArrayOfIntegers", &Dim (37,1)] "Atomic number of the elements"
                                                         0

0                                                       28
1                                                       16
2                                                        6
3                                                        1
4                                                        1
5                                                        1
6                                                       16
7                                                        6
8                                                        1
9                                                        1
10                                                       1
11                                                      15
12                                                      15
13                                                       6
14                                                       6
15                                                       6
16                                                       6
17                                                       6
18                                                       6
19                                                       1
20                                                       1
21                                                       1
22                                                       1
23                                                       1
24                                                       1
25                                                       1
26                                                       1
27                                                       1
28                                                       1
29                                                       1
30                                                       1
31                                                       1
32                                                       1
33                                                       1
34                                                       1
35                                                       1
36                                                       1
   &NA [&Type "ArrayOfDoubles", &Dim (37,1)] "Mulliken gross atomic population"
                                                         0

0                                      2.7942202526162042e+01
1                                      1.6427541101992986e+01
2                                      6.1173598993745575e+00
3                                      9.3279120629228107e-01
4                                      9.3946147823184856e-01
5                                      9.3981969166233792e-01
6                                      1.6427763765993220e+01
7                                      6.1176329611257181e+00
8                                      9.3283603498015089e-01
9                                      9.3982068479167458e-01
10                                     9.3921481205336366e-01
11                                     1.4880699816071223e+01
12                                     1.4880397060351203e+01
13                                     6.1480179454601354e+00
14                                     6.1395242045939344e+00
15                                     6.1321140376873240e+00
16                                     6.1480096535411484e+00
17                                     6.1322709112647171e+00
18                                     6.1397342161588391e+00
19                                     9.3360617552772840e-01
20                                     9.1659900752267032e-01
21                                     9.3166204588582979e-01
22                                     9.3619869154089785e-01
23                                     9.3474028500305151e-01
24                                     9.3123200173521392e-01
25                                     9.3288288040629952e-01
26                                     9.3419888320266997e-01
27                                     9.2023388913966853e-01
28                                     9.3358096654258860e-01
29                                     9.3172377197643130e-01
30                                     9.1661636582042205e-01
31                                     9.3291847937472561e-01
32                                     9.2019217120302921e-01
33                                     9.3424129977877057e-01
34                                     9.3622079927080581e-01
35                                     9.3127926031499841e-01
36                                     9.3466101796562306e-01
   &ZA [&Type "ArrayOfDoubles", &Dim (37,1)] "Total nuclear charge"
                                                         0

0                                      2.8000000000000000e+01
1                                      1.6000000000000000e+01
2                                      6.0000000000000000e+00
3                                      1.0000000000000000e+00
4                                      1.0000000000000000e+00
5                                      1.0000000000000000e+00
6                                      1.6000000000000000e+01
7                                      6.0000000000000000e+00
8                                      1.0000000000000000e+00
9                                      1.0000000000000000e+00
10                                     1.0000000000000000e+00
11                                     1.5000000000000000e+01
12                                     1.5000000000000000e+01
13                                     6.0000000000000000e+00
14                                     6.0000000000000000e+00
15                                     6.0000000000000000e+00
16                                     6.0000000000000000e+00
17                                     6.0000000000000000e+00
18                                     6.0000000000000000e+00
19                                     1.0000000000000000e+00
20                                     1.0000000000000000e+00
21                                     1.0000000000000000e+00
22                                     1.0000000000000000e+00
23                                     1.0000000000000000e+00
24                                     1.0000000000000000e+00
25                                     1.0000000000000000e+00
26                                     1.0000000000000000e+00
27                                     1.0000000000000000e+00
28                                     1.0000000000000000e+00
29                                     1.0000000000000000e+00
30                                     1.0000000000000000e+00
31                                     1.0000000000000000e+00
32                                     1.0000000000000000e+00
33                                     1.0000000000000000e+00
34                                     1.0000000000000000e+00
35                                     1.0000000000000000e+00
36                                     1.0000000000000000e+00
   &QA [&Type "ArrayOfDoubles", &Dim (37,1)] "Mulliken gross atomic charge"
                                                         0

0                                      5.7797473837958080e-02
1                                     -4.2754110199298623e-01
2                                     -1.1735989937455749e-01
3                                      6.7208793707718928e-02
4                                      6.0538521768151443e-02
5                                      6.0180308337662081e-02
6                                     -4.2776376599321964e-01
7                                     -1.1763296112571808e-01
8                                      6.7163965019849114e-02
9                                      6.0179315208325423e-02
10                                     6.0785187946636343e-02
11                                     1.1930018392877706e-01
12                                     1.1960293964879654e-01
13                                    -1.4801794546013536e-01
14                                    -1.3952420459393444e-01
15                                    -1.3211403768732399e-01
16                                    -1.4800965354114837e-01
17                                    -1.3227091126471713e-01
18                                    -1.3973421615883908e-01
19                                     6.6393824472271601e-02
20                                     8.3400992477329683e-02
21                                     6.8337954114170207e-02
22                                     6.3801308459102146e-02
23                                     6.5259714996948492e-02
24                                     6.8767998264786079e-02
25                                     6.7117119593700481e-02
26                                     6.5801116797330028e-02
27                                     7.9766110860331474e-02
28                                     6.6419033457411403e-02
29                                     6.8276228023568697e-02
30                                     8.3383634179577948e-02
31                                     6.7081520625274393e-02
32                                     7.9807828796970792e-02
33                                     6.5758700221229427e-02
34                                     6.3779200729194185e-02
35                                     6.8720739685001586e-02
36                                     6.5338982034376936e-02
   &VA [&Type "ArrayOfDoubles", &Dim (37,1)] "Mayer's total valence"
                                                         0

0                                      3.3775903805176313e+00
1                                      2.0140822491879549e+00
2                                      3.9352430522242687e+00
3                                      9.7611886353953992e-01
4                                      9.7907936338045398e-01
5                                      9.8044605861234679e-01
6                                      2.0134632504147962e+00
7                                      3.9352984966642817e+00
8                                      9.7618007963839892e-01
9                                      9.8047656897690560e-01
10                                     9.7903400831607545e-01
11                                     4.1295000926312557e+00
12                                     4.1292825294694762e+00
13                                     3.8921514523425174e+00
14                                     3.8841461246249658e+00
15                                     3.8811598019199636e+00
16                                     3.8921316069918337e+00
17                                     3.8812511231731444e+00
18                                     3.8842037490515273e+00
19                                     9.8854893856922144e-01
20                                     9.8137316468173386e-01
21                                     1.0185095995665694e+00
22                                     9.8739659273317815e-01
23                                     1.0069750041401069e+00
24                                     1.0008894558482579e+00
25                                     9.8829459584442281e-01
26                                     1.0150250966522878e+00
27                                     9.9021754788630290e-01
28                                     9.8854734665939692e-01
29                                     1.0185518306598904e+00
30                                     9.8137208947831323e-01
31                                     9.8829431089156849e-01
32                                     9.9001158889563678e-01
33                                     1.0150974298823878e+00
34                                     9.8742040212723570e-01
35                                     1.0011044252691941e+00
36                                     1.0068074482095284e+00
   &BVA [&Type "ArrayOfDoubles", &Dim (37,1)] "Mayer's bonded valence"
                                                         0

0                                      3.3775903805176100e+00
1                                      2.0140822491879078e+00
2                                      3.9352430522243189e+00
3                                      9.7611886353954169e-01
4                                      9.7907936338045487e-01
5                                      9.8044605861235212e-01
6                                      2.0134632504147731e+00
7                                      3.9352984966643185e+00
8                                      9.7618007963840092e-01
9                                      9.8047656897690638e-01
10                                     9.7903400831607934e-01
11                                     4.1295000926312060e+00
12                                     4.1292825294695543e+00
13                                     3.8921514523425262e+00
14                                     3.8841461246249942e+00
15                                     3.8811598019199716e+00
16                                     3.8921316069918590e+00
17                                     3.8812511231731719e+00
18                                     3.8842037490515682e+00
19                                     9.8854893856922277e-01
20                                     9.8137316468173075e-01
21                                     1.0185095995665749e+00
22                                     9.8739659273318259e-01
23                                     1.0069750041401115e+00
24                                     1.0008894558482548e+00
25                                     9.8829459584442425e-01
26                                     1.0150250966522869e+00
27                                     9.9021754788629723e-01
28                                     9.8854734665939725e-01
29                                     1.0185518306598951e+00
30                                     9.8137208947831633e-01
31                                     9.8829431089157493e-01
32                                     9.9001158889563978e-01
33                                     1.0150974298823841e+00
34                                     9.8742040212723581e-01
35                                     1.0011044252691923e+00
36                                     1.0068074482095362e+00
   &FA [&Type "ArrayOfDoubles", &Dim (37,1)] "Mayer's free valence"
                                                         0

0                                      0.0000000000000000e+00
1                                      0.0000000000000000e+00
2                                      0.0000000000000000e+00
3                                      0.0000000000000000e+00
4                                      0.0000000000000000e+00
5                                      0.0000000000000000e+00
6                                      0.0000000000000000e+00
7                                      0.0000000000000000e+00
8                                      0.0000000000000000e+00
9                                      0.0000000000000000e+00
10                                     0.0000000000000000e+00
11                                     0.0000000000000000e+00
12                                     0.0000000000000000e+00
13                                     0.0000000000000000e+00
14                                     0.0000000000000000e+00
15                                     0.0000000000000000e+00
16                                     0.0000000000000000e+00
17                                     0.0000000000000000e+00
18                                     0.0000000000000000e+00
19                                     0.0000000000000000e+00
20                                     0.0000000000000000e+00
21                                     0.0000000000000000e+00
22                                     0.0000000000000000e+00
23                                     0.0000000000000000e+00
24                                     0.0000000000000000e+00
25                                     0.0000000000000000e+00
26                                     0.0000000000000000e+00
27                                     0.0000000000000000e+00
28                                     0.0000000000000000e+00
29                                     0.0000000000000000e+00
30                                     0.0000000000000000e+00
31                                     0.0000000000000000e+00
32                                     0.0000000000000000e+00
33                                     0.0000000000000000e+00
34                                     0.0000000000000000e+00
35                                     0.0000000000000000e+00
36                                     0.0000000000000000e+00
   &Method [&Type "String"] "SCF"
   &Level [&Type "String"] "Relaxed density"
   &Mult [&Type "Integer"] 1
   &State [&Type "Integer"] -1
   &Irrep [&Type "Integer"] 0
$End
$SCF_Energy
   &GeometryIndex 1
   &Method [&Type "String"] "SCF"
   &totalEnergy [&Type "ArrayOfDoubles", &Dim (1,1)] "Total energy of each state"
                                                         0

0                                     -3.3060964098939357e+03
   &Mult [&Type "ArrayOfIntegers", &Dim (1,1)] "Multiplicity of each state"
                                                         0

0                                                        1
$End
$DFT_Energy
   &GeometryIndex 1
   &nAlphaEl [&Type "Integer"] 81
   &nBetaEl [&Type "Integer"] 81
   &nTotalEl [&Type "Integer"] 161
   &finalEn [&Type "Double"]      -3.3060964098939357e+03  "No Van der Waals correction"
   &eExchange [&Type "Double"]      -1.8691422686615437e+02
   &eCorr [&Type "Double"]      -6.0706660145633951e+00
   &eXC [&Type "Double"]      -1.9298489288071775e+02
   &eCNL [&Type "Double"]       0.0000000000000000e+00
$End
$Solvation_Details
   &GeometryIndex 1
   &Solvent [&Type "String"] "ACETONITRILE"
   &Epsilon [&Type "Double"]       3.6762999999999998e+01
   &Refrac [&Type "Double"]       1.3442000000000001e+00
   &RSolv [&Type "Double"]       1.3000000000000000e+00
   &SurfaceType [&Type "String"] "GAUSSIAN VDW"
   &CPCMDielEnergy [&Type "Double"]      -1.6518402000000001e-02
   &NPoints [&Type "Integer"] 3070
   &SurfaceArea [&Type "Double"]       1.1306407922070000e+03
$End
$SCF_Timings
   &GeometryIndex 1
   &TOTAL [&Type "Double"]       2.9684086000000001e+01
   &PREP [&Type "Double"]       5.9285900000000002e-01
   &FOCK [&Type "Double"]       2.7650673999999999e+01
   &DENS [&Type "Double"]       7.5746000000002311e-02
   &ETOT [&Type "Double"]       5.9992000000006040e-02
   &POP [&Type "Double"]       3.4874999999999545e-02
   &TRAFO [&Type "Double"]       6.2885999999999775e-02
   &DIIS [&Type "Double"]       3.2252499999999928e-01
   &SOSCF [&Type "Double"]       2.1134399999999198e-01
   &XC [&Type "Double"]       4.6463470000000031e+00
   &FOCKSTART [&Type "Double"]       9.4979999999966758e-03
   &SOLV [&Type "Double"]       4.6185279999999942e+00
   &SOLV_INIT [&Type "Double"]       3.4930600000000001e-01
   &INT_PREP [&Type "Double"]       1.9999999967268423e-06
   &INT_BF [&Type "Double"]       7.0992000000003364e-01
   &INT_DENS [&Type "Double"]       1.2192790000000771e+00
   &INT_DENSIO [&Type "Double"]       5.4469514386000083e+04
   &INT_FUNC [&Type "Double"]       2.1115299999999682e-01
   &INT_POT [&Type "Double"]       8.7088500000001501e-01
   &INT_POTIO [&Type "Double"]       2.1529000000007237e-02
   &INT_SUM [&Type "Double"]       4.5499999999165652e-04
   &SPLITRIJ [&Type "Double"]       2.5558969999999981e+00
   &COSX [&Type "Double"]       1.6766793999999997e+01
$End
$VdW_Correction
   &GeometryIndex 1
   &vdW [&Type "Double"]      -6.9021247184562026e-02
$End
$Single_Point_Data
   &GeometryIndex 1
   &FinalEnergy [&Type "Double"]      -3.3061654311411203e+03  "Final single point energy"
   &Converged [&Type "Boolean"] true
$End
$Calculation_Info
   &GeometryIndex 1
   &Mult [&Type "Integer"] 1
   &Charge [&Type "Integer"] 0
   &NumOfAtoms [&Type "Integer"] 37
   &NumOfElectrons [&Type "Integer"] 162
   &NumOfBasisFuncts [&Type "Integer"] 335
   &NumOfAuxCBasisFuncts [&Type "Integer"] 0
   &NumOfAuxJBasisFuncts [&Type "Integer"] 949
   &NumOfAuxJKBasisFuncts [&Type "Integer"] 0
   &NumOfCABSBasisFuncts [&Type "Integer"] 0
$End
$SCF_Dipole_Moment
   &GeometryIndex 1
   &dipoleMagnitude [&Type "Double", &Units "a.u."]       3.3538796357794874e-03
   &dipoleElecContrib [&Type "ArrayOfDoubles", &Dim (3,1)] "Electronic contribution"
                                                         0

0                                     -6.4653501036914208e-03
1                                     -3.0438170501059267e-03
2                                     -8.9538646338331515e-03
   &dipoleNucContrib [&Type "ArrayOfDoubles", &Dim (3,1)] "Nuclear contribution"
                                                         0

0                                      9.8078078715486683e-03
1                                      3.0751663884958091e-03
2                                      8.6790885424976594e-03
   &dipoleTotal [&Type "ArrayOfDoubles", &Dim (3,1)] "Total"
                                                         0

0                                      3.3424577678572475e-03
1                                      3.1349338389882481e-05
2                                     -2.7477609133549213e-04
   &doAtomicDipole [&Type "Boolean"] false
   &Method [&Type "String"] "SCF"
   &Level [&Type "String"] "Relaxed density"
   &Mult [&Type "Integer"] 1
   &State [&Type "Integer"] -1
   &Irrep [&Type "Integer"] 0
$End
$Calculation_Timings
   &GeometryIndex 1
   &GTOINT [&Type "Double"]       2.2570749999999999e+00
   &SCF [&Type "Double"]       3.1475509999999996e+01
   &PROP [&Type "Double"]       3.3541000000000309e-01
   &SUM [&Type "Double"]       3.4067994999999996e+01
$End
